0.173
0.17700000000000002
0.17800000000000002
0.275
0.421
0.43
0.319
0.371
0.29600000000000004
0.261
0.18899999999999997
0.171
0.162
0.18600000000000003
0.182
0.17600000000000002
0.17900000000000002
0.20199999999999999
0.19
0.183
0.161
0.16
0.17600000000000002
0.166
0.168
0.16899999999999998
0.16399999999999998
0.162
0.166
0.168
0.17
0.181
0.187
0.193
0.212
0.226
0.214
0.215
0.22699999999999998
0.236
0.228
0.22399999999999998
0.203
0.192
0.185
0.17900000000000002
0.18
0.17600000000000002
0.172
0.161
0.161
0.17
0.172
0.185
0.173
0.192
0.17400000000000002
0.182
0.168
0.173
0.171
0.172
0.181
0.201
0.209
0.19699999999999998
0.181
0.18
0.17800000000000002
0.171
0.172
0.17800000000000002
0.17600000000000002
0.16899999999999998
0.17
0.17400000000000002
0.17700000000000002
0.19699999999999998
0.213
0.268
0.213
0.191
0.17800000000000002
0.17800000000000002
0.188
0.19
0.188
0.22399999999999998
0.196
0.211
0.18899999999999997
0.181
0.17
0.166
0.17
0.184
0.17500000000000002
0.173
0.17600000000000002
0.17600000000000002
0.17800000000000002
0.20199999999999999
0.215
0.28600000000000003
0.231
0.20199999999999999
0.184
0.18899999999999997
0.204
0.20199999999999999
0.22399999999999998
0.222
0.22899999999999998
0.217
0.201
0.201
0.275
0.217
0.207
0.195
0.198
0.19699999999999998
0.21
0.221
0.25
0.241
0.214
0.254
0.253
0.19899999999999998
0.181
0.17500000000000002
0.17500000000000002
0.193
0.214
0.257
0.27399999999999997
0.27399999999999997
0.241
0.209
0.201
0.181
0.16899999999999998
0.16399999999999998
0.17800000000000002
0.17800000000000002
0.17600000000000002
0.168
0.225
0.319
0.272
0.22899999999999998
0.21600000000000003
0.17900000000000002
0.17400000000000002
0.183
0.17400000000000002
0.201
0.191
0.23
0.243
0.27
0.271
0.238
0.22
0.19399999999999998
0.17400000000000002
0.17600000000000002
0.171
0.17
0.17
0.168
0.16399999999999998
0.16399999999999998
0.181
0.166
0.171
0.166
0.171
0.18
0.192
0.211
0.212
0.221
0.239
0.184
0.16699999999999998
0.171
0.173
0.17600000000000002
0.17400000000000002
0.173
0.184
0.17900000000000002
0.181
0.207
0.207
0.26
0.222
0.195
0.193
0.206
0.19899999999999998
0.19399999999999998
0.182
0.182
0.188
0.212
0.198
0.213
0.19
0.191
0.221
0.26899999999999996
0.21899999999999997
0.21
0.211
0.208
0.248
0.4270000000000001
0.408
0.38
0.39299999999999996
0.17800000000000002
0.18600000000000003
0.21600000000000003
0.184
0.19399999999999998
0.19899999999999998
0.206
0.243
0.245
0.23399999999999999
0.228
0.20199999999999999
0.21600000000000003
0.21600000000000003
0.193
0.192
0.20199999999999999
0.19699999999999998
0.184
0.182
0.185
0.184
0.231
0.215
0.19399999999999998
0.182
0.18600000000000003
0.17500000000000002
0.173
0.17700000000000002
0.185
0.192
0.195
0.205
0.184
0.195
0.183
0.196
0.184
0.184
0.19899999999999998
0.21600000000000003
0.18600000000000003
0.193
0.212
0.21600000000000003
0.266
0.246
0.223
0.196
0.17400000000000002
0.183
0.205
0.188
0.182
0.172
0.17900000000000002
0.18600000000000003
0.173
0.17800000000000002
0.17
0.172
0.17600000000000002
0.17
0.168
0.17800000000000002
0.196
0.212
0.207
0.18600000000000003
0.184
0.196
0.191
0.17800000000000002
0.17800000000000002
0.17500000000000002
0.195
0.19399999999999998
0.184
0.17
0.16399999999999998
0.17800000000000002
0.166
0.168
0.17700000000000002
0.181
0.172
0.17800000000000002
0.17700000000000002
0.195
0.19899999999999998
0.268
0.33
0.31
0.28800000000000003
0.29200000000000004
0.315
0.34700000000000003
0.28200000000000003
0.24700000000000005
0.278
0.31
0.482
0.552
0.737
0.474
0.469
0.8420000000000001
0.904
0.4930000000000001
0.6659999999999999
0.7010000000000001
0.62
0.364
0.309
0.43700000000000006
0.34299999999999997
0.266
0.238
0.236
0.22
0.2
0.19899999999999998
0.201
0.215
0.259
0.231
0.225
0.23199999999999998
0.243
0.23
0.226
0.305
0.421
0.306
0.254
0.26899999999999996
0.35300000000000004
0.29100000000000004
0.28900000000000003
0.27899999999999997
0.245
0.207
0.198
0.19699999999999998
0.228
0.215
0.212
0.21
0.212
0.215
0.21600000000000003
0.221
0.198
0.19399999999999998
0.203
0.201
0.19399999999999998
0.212
0.37
0.44299999999999995
0.256
0.33399999999999996
0.35700000000000004
0.32
0.26899999999999996
0.23
0.222
0.206
0.203
0.201
0.20199999999999999
0.21
0.314
0.242
0.18600000000000003
0.17800000000000002
0.166
0.158
0.156
0.159
0.159
0.161
0.166
0.171
0.195
0.265
0.25
0.243
0.241
0.193
0.19
0.19
0.188
0.181
0.18899999999999997
0.19
0.193
0.185
0.17400000000000002
0.168
0.165
0.163
0.16699999999999998
0.165
0.161
0.162
0.162
0.166
0.182
0.2
0.222
0.218
0.196
0.188
0.192
0.204
0.198
0.20199999999999999
0.212
0.22899999999999998
0.22899999999999998
0.244
0.213
0.206
0.213
0.211
0.19899999999999998
0.196
0.19699999999999998
0.19699999999999998
0.191
0.193
0.208
0.225
0.257
0.221
0.209
0.204
0.211
0.211
0.208
0.211
0.22399999999999998
0.218
0.215
0.215
0.215
0.217
0.238
0.245
0.24
0.249
0.239
0.243
0.252
0.258
0.257
0.275
0.29500000000000004
0.265
0.17600000000000002
0.17400000000000002
0.17700000000000002
0.17400000000000002
0.16899999999999998
0.17700000000000002
0.172
0.16699999999999998
0.172
0.161
0.168
0.183
0.184
0.166
0.162
0.16699999999999998
0.161
0.16699999999999998
0.159
0.162
0.163
0.165
0.168
0.171
0.17800000000000002
0.165
0.162
0.168
0.166
0.171
0.17500000000000002
0.17700000000000002
0.163
0.159
0.159
0.157
0.16699999999999998
0.165
0.16699999999999998
0.161
0.156
0.156
0.157
0.16399999999999998
0.17
0.205
0.201
0.18
0.185
0.20199999999999999
0.184
0.18
0.188
0.203
0.21
0.226
0.205
0.214
0.213
0.17400000000000002
0.165
0.155
0.161
0.165
0.166
0.163
0.166
0.171
0.187
0.183
0.16899999999999998
0.161
0.155
0.172
0.17500000000000002
0.172
0.168
0.17400000000000002
0.16699999999999998
0.17
0.163
0.165
0.171
0.18
0.182
0.17800000000000002
0.18
0.173
0.165
0.16699999999999998
0.163
0.17500000000000002
0.208
0.215
0.22
0.244
0.207
0.191
0.18899999999999997
0.19399999999999998
0.187
0.181
0.193
0.193
0.17600000000000002
0.17500000000000002
0.171
0.17400000000000002
0.163
0.159
0.258
0.187
0.154
0.163
0.16399999999999998
0.171
0.201
0.215
0.195
0.182
0.17500000000000002
0.17500000000000002
0.16899999999999998
0.181
0.182
0.18
0.192
0.192
0.171
0.172
0.17600000000000002
0.17600000000000002
0.17800000000000002
0.233
0.17800000000000002
0.172
0.17
0.17800000000000002
0.188
0.206
0.21600000000000003
0.273
0.248
0.17700000000000002
0.18
0.173
0.17600000000000002
0.185
0.195
0.191
0.198
0.205
0.22
0.18600000000000003
0.17400000000000002
0.171
0.166
0.16
0.155
0.161
0.163
0.16399999999999998
0.16399999999999998
0.163
0.211
0.254
0.18899999999999997
0.173
0.17400000000000002
0.172
0.168
0.163
0.166
0.17
0.16899999999999998
0.16
0.16399999999999998
0.165
0.161
0.162
0.158
0.16
0.161
0.162
0.163
0.16399999999999998
0.16699999999999998
0.172
0.17800000000000002
0.184
0.192
0.184
0.17600000000000002
0.17
0.16899999999999998
0.17500000000000002
0.18
0.18899999999999997
0.191
0.181
0.17600000000000002
0.182
0.251
0.242
0.19699999999999998
0.17600000000000002
0.16399999999999998
0.165
0.17700000000000002
0.17500000000000002
0.185
0.204
0.211
0.22699999999999998
0.17600000000000002
0.166
0.17400000000000002
0.159
0.157
0.162
0.171
0.168
0.166
0.165
0.161
0.151
0.155
0.153
0.154
0.156
0.153
0.152
0.153
0.151
0.17
0.17800000000000002
0.211
0.18
0.16899999999999998
0.168
0.173
0.17800000000000002
0.168
0.173
0.173
0.185
0.195
0.17900000000000002
0.173
0.165
0.161
0.159
0.159
0.159
0.16699999999999998
0.162
0.162
0.249
0.21600000000000003
0.203
0.17900000000000002
0.172
0.16899999999999998
0.16399999999999998
0.161
0.171
0.165
0.17600000000000002
0.184
0.195
0.173
0.16899999999999998
0.17700000000000002
0.16399999999999998
0.18
0.17500000000000002
0.17
0.162
0.158
0.159
0.16
0.166
0.184
0.192
0.21
0.181
0.17500000000000002
0.16699999999999998
0.171
0.16699999999999998
0.16399999999999998
0.17
0.17500000000000002
0.193
0.21
0.207
0.184
0.184
0.182
0.181
0.173
0.159
0.162
0.166
0.16699999999999998
0.173
0.22
0.24700000000000005
0.33
0.20199999999999999
0.182
0.192
0.183
0.19
0.195
0.18899999999999997
0.205
0.239
0.207
0.185
0.183
0.17
0.168
0.162
0.163
0.16
0.159
0.16
0.159
0.161
0.159
0.161
0.166
0.172
0.172
0.17400000000000002
0.17400000000000002
0.172
0.17
0.16899999999999998
0.18899999999999997
0.165
0.16399999999999998
0.16699999999999998
0.16399999999999998
0.16
0.162
0.165
0.165
0.172
0.19399999999999998
0.166
0.16899999999999998
0.187
0.17700000000000002
0.181
0.18
0.17600000000000002
0.191
0.181
0.17700000000000002
0.181
0.182
0.182
0.17900000000000002
0.17600000000000002
0.182
0.182
0.182
0.20199999999999999
0.201
0.19
0.2
0.17500000000000002
0.17400000000000002
0.17400000000000002
0.18899999999999997
0.201
0.26
0.231
0.188
0.192
0.20199999999999999
0.201
0.188
0.211
0.21600000000000003
0.221
0.222
0.222
0.21899999999999997
0.19699999999999998
0.18600000000000003
0.18600000000000003
0.19399999999999998
0.23399999999999999
0.228
0.21899999999999997
0.214
0.205
0.253
0.215
0.22399999999999998
0.188
0.17700000000000002
0.172
0.17900000000000002
0.17900000000000002
0.17500000000000002
0.211
0.187
0.182
0.183
0.181
0.171
0.17600000000000002
0.173
0.172
0.16899999999999998
0.168
0.17400000000000002
0.16399999999999998
0.173
0.171
0.17800000000000002
0.2
0.215
0.203
0.17900000000000002
0.173
0.173
0.16899999999999998
0.16899999999999998
0.182
0.183
0.183
0.188
0.188
0.17800000000000002
0.17800000000000002
0.182
0.17800000000000002
0.184
0.184
0.187
0.2
0.376
0.391
0.298
0.211
0.266
0.261
0.203
0.17900000000000002
0.17500000000000002
0.182
0.17600000000000002
0.183
0.204
0.205
0.191
0.185
0.19399999999999998
0.17800000000000002
0.17600000000000002
0.171
0.172
0.17400000000000002
0.17400000000000002
0.173
0.16899999999999998
0.172
0.17600000000000002
0.19
0.259
0.305
0.28300000000000003
0.258
0.207
0.203
0.165
0.17
0.18
0.233
0.376
0.242
0.29100000000000004
0.33
0.408
0.506
0.44799999999999995
0.185
0.29500000000000004
0.21899999999999997
0.168
0.188
0.22699999999999998
0.31
0.183
0.22699999999999998
0.19899999999999998
0.193
0.17800000000000002
0.215
0.262
0.266
0.22
0.213
0.24700000000000005
0.226
0.192
0.181
0.196
0.182
0.14800000000000002
0.154
0.157
0.156
0.156
0.162
0.16899999999999998
0.172
0.184
0.19
0.185
0.18
0.17900000000000002
0.17900000000000002
0.18
0.18
0.17800000000000002
0.191
0.196
0.25
0.325
0.261
0.26
0.233
0.214
0.192
0.185
0.173
0.16699999999999998
0.165
0.17400000000000002
0.191
0.226
0.225
0.182
0.17600000000000002
0.17400000000000002
0.17600000000000002
0.173
0.172
0.18600000000000003
0.204
0.208
0.19
0.18
0.16899999999999998
0.166
0.17500000000000002
0.196
0.161
0.159
0.376
0.501
0.29100000000000004
0.29500000000000004
0.188
0.213
0.196
0.172
0.171
0.182
0.17400000000000002
0.17500000000000002
0.181
0.185
0.196
0.18600000000000003
0.183
0.181
0.17600000000000002
0.181
0.187
0.188
0.17400000000000002
0.17800000000000002
0.423
0.184
0.233
0.672
0.419
0.487
0.5429999999999999
0.34
0.2
0.187
0.183
0.17800000000000002
0.182
0.18600000000000003
0.19
0.198
0.192
0.18600000000000003
0.19
0.19
0.19
0.21
0.402
0.34500000000000003
0.308
0.377
0.4890000000000001
0.56
0.5830000000000001
0.5650000000000001
0.316
0.264
0.21899999999999997
0.208
0.211
0.201
0.206
0.21600000000000003
0.331
0.302
0.304
0.278
0.241
0.221
0.203
0.193
0.19399999999999998
0.218
0.28800000000000003
0.245
0.23
0.22
0.299
0.306
0.213
0.2
0.18899999999999997
0.17700000000000002
0.161
0.171
0.16699999999999998
0.17400000000000002
0.20199999999999999
0.209
0.206
0.18600000000000003
0.17700000000000002
0.20199999999999999
0.20199999999999999
0.18899999999999997
0.195
0.17800000000000002
0.17700000000000002
0.17900000000000002
0.211
0.23199999999999998
0.33799999999999997
0.278
0.22699999999999998
0.206
0.188
0.222
0.191
0.17400000000000002
0.18
0.188
0.213
0.368
0.37799999999999995
0.262
0.183
0.184
0.236
0.17900000000000002
0.193
0.195
0.203
0.17600000000000002
0.16399999999999998
0.165
0.16899999999999998
0.17700000000000002
0.184
0.195
0.2
0.203
0.204
0.211
0.215
0.222
0.22899999999999998
0.214
0.198
0.19
0.187
0.187
0.182
0.17700000000000002
0.17600000000000002
0.17400000000000002
0.17500000000000002
0.17800000000000002
0.183
0.182
0.187
0.185
0.183
0.18
0.181
0.181
0.16899999999999998
0.16899999999999998
0.171
0.16899999999999998
0.17
0.185
0.19699999999999998
0.242
0.28600000000000003
0.34
0.309
0.28
0.307
0.172
0.157
0.165
0.159
0.166
0.183
0.171
0.157
0.159
0.16699999999999998
0.17
0.166
0.166
0.173
0.18899999999999997
0.28200000000000003
0.524
0.39899999999999997
0.28800000000000003
0.45
0.182
0.172
0.192
0.201
0.166
0.172
0.28700000000000003
0.40399999999999997
0.35100000000000003
0.244
0.255
0.251
0.21
0.161
0.14800000000000002
0.15
0.149
0.156
0.159
0.168
0.168
0.156
0.16399999999999998
0.173
0.161
0.156
0.158
0.155
0.155
0.161
0.158
0.163
0.17
0.17700000000000002
0.172
0.16699999999999998
0.16399999999999998
0.171
0.168
0.173
0.16699999999999998
0.171
0.168
0.165
0.158
0.158
0.161
0.159
0.161
0.159
0.163
0.16399999999999998
0.17
0.184
0.2
0.192
0.206
0.188
0.188
0.17600000000000002
0.168
0.172
0.173
0.17800000000000002
0.17400000000000002
0.188
0.16699999999999998
0.166
0.168
0.165
0.165
0.162
0.271
0.217
0.17
0.172
0.195
0.17900000000000002
0.21
0.222
0.233
0.209
0.20199999999999999
0.185
0.17500000000000002
0.17700000000000002
0.181
0.181
0.19
0.19
0.19399999999999998
0.19399999999999998
0.182
0.213
0.191
0.206
0.252
0.203
0.19699999999999998
0.188
0.2
0.201
0.20199999999999999
0.187
0.18600000000000003
0.171
0.17
0.181
0.17500000000000002
0.17400000000000002
0.16699999999999998
0.16399999999999998
0.171
0.18
0.195
0.181
0.184
0.183
0.172
0.168
0.162
0.16399999999999998
0.185
0.17400000000000002
0.17400000000000002
0.2
0.235
0.255
0.225
0.191
0.17700000000000002
0.17800000000000002
0.184
0.17400000000000002
0.17600000000000002
0.193
0.198
0.223
0.254
0.258
0.23399999999999999
0.212
0.21600000000000003
0.20199999999999999
0.258
0.26
0.212
0.24700000000000005
0.19899999999999998
0.181
0.191
0.212
0.213
0.183
0.182
0.193
0.19699999999999998
0.19899999999999998
0.188
0.18899999999999997
0.19899999999999998
0.205
0.213
0.19699999999999998
0.18899999999999997
0.18899999999999997
0.182
0.19
0.18
0.187
0.29100000000000004
0.17900000000000002
0.28500000000000003
0.33899999999999997
0.203
0.217
0.213
0.201
0.185
0.17700000000000002
0.17400000000000002
0.173
0.184
0.188
0.191
0.18899999999999997
0.204
0.196
0.19699999999999998
0.212
0.208
0.201
0.201
0.207
0.182
0.172
0.17900000000000002
0.19699999999999998
0.196
0.23199999999999998
0.196
0.17800000000000002
0.171
0.17400000000000002
0.183
0.18
0.183
0.18899999999999997
0.193
0.196
0.208
0.243
0.254
0.315
0.28400000000000003
0.361
0.433
0.556
0.5630000000000001
0.366
0.24700000000000005
0.19699999999999998
0.19699999999999998
0.19899999999999998
0.192
0.17900000000000002
0.17600000000000002
0.17400000000000002
0.17600000000000002
0.181
0.184
0.19399999999999998
0.22699999999999998
0.203
0.203
0.196
0.198
0.203
0.203
0.213
0.217
0.207
0.215
0.209
0.22399999999999998
0.214
0.225
0.223
0.21600000000000003
0.217
0.212
0.222
0.218
0.211
0.212
0.213
0.238
0.246
0.23399999999999999
0.218
0.215
0.198
0.18
0.17500000000000002
0.17700000000000002
0.17600000000000002
0.17
0.16699999999999998
0.17
0.171
0.17700000000000002
0.18
0.17500000000000002
0.182
0.19
0.201
0.206
0.21600000000000003
0.223
0.222
0.22899999999999998
0.273
0.23199999999999998
0.22699999999999998
0.192
0.17600000000000002
0.16899999999999998
0.162
0.159
0.157
0.161
0.16399999999999998
0.16699999999999998
0.172
0.17500000000000002
0.17
0.171
0.171
0.173
0.14300000000000002
0.129
0.126
0.139
0.15
0.16
0.156
0.155
0.156
0.156
0.155
0.152
0.154
0.156
0.155
0.156
0.157
0.166
0.16899999999999998
0.19
0.181
0.173
0.17400000000000002
0.17800000000000002
0.173
0.16899999999999998
0.17500000000000002
0.173
0.185
0.18
0.17900000000000002
0.17500000000000002
0.17
0.17700000000000002
0.171
0.17
0.16399999999999998
0.163
0.161
0.162
0.16399999999999998
0.165
0.171
0.193
0.17500000000000002
0.16899999999999998
0.163
0.16899999999999998
0.17500000000000002
0.168
0.17
0.172
0.17400000000000002
0.17900000000000002
0.237
0.21
0.184
0.16699999999999998
0.16399999999999998
0.163
0.161
0.159
0.161
0.158
0.159
0.16899999999999998
0.16699999999999998
0.17900000000000002
0.183
0.173
0.168
0.172
0.165
0.165
0.171
0.172
0.17400000000000002
0.173
0.17500000000000002
0.181
0.183
0.183
0.182
0.17900000000000002
0.17900000000000002
0.18899999999999997
0.181
0.184
0.185
0.195
0.204
0.21899999999999997
0.19699999999999998
0.181
0.182
0.17800000000000002
0.191
0.19
0.187
0.181
0.183
0.17700000000000002
0.17800000000000002
0.172
0.16899999999999998
0.16699999999999998
0.168
0.172
0.16699999999999998
0.16899999999999998
0.168
0.17800000000000002
0.17600000000000002
0.17400000000000002
0.17800000000000002
0.17700000000000002
0.17800000000000002
0.181
0.184
0.17400000000000002
0.17400000000000002
0.17900000000000002
0.183
0.18
0.173
0.187
0.183
0.19699999999999998
0.19
0.18899999999999997
0.19
0.17900000000000002
0.168
0.17400000000000002
0.171
0.17400000000000002
0.181
0.182
0.181
0.18
0.183
0.192
0.204
0.201
0.19399999999999998
0.19699999999999998
0.206
0.191
0.184
0.18600000000000003
0.17700000000000002
0.181
0.182
0.188
0.193
0.191
0.192
0.198
0.237
0.245
0.244
0.251
0.206
0.19399999999999998
0.205
0.19899999999999998
0.193
0.19399999999999998
0.191
0.19699999999999998
0.19399999999999998
0.191
0.205
0.19699999999999998
0.22899999999999998
0.23399999999999999
0.28200000000000003
0.222
0.21600000000000003
0.231
0.228
0.242
0.249
0.265
0.254
0.225
0.198
0.19699999999999998
0.198
0.19399999999999998
0.182
0.184
0.191
0.188
0.193
0.21
0.221
0.22
0.22399999999999998
0.213
0.2
0.184
0.18
0.182
0.185
0.192
0.206
0.24
0.221
0.198
0.185
0.18600000000000003
0.19
0.19
0.191
0.193
0.19699999999999998
0.206
0.204
0.203
0.196
0.195
0.188
0.18600000000000003
0.182
0.18
0.183
0.188
0.19399999999999998
0.198
0.20199999999999999
0.221
0.207
0.204
0.215
0.215
0.215
0.213
0.221
0.223
0.23399999999999999
0.24
0.28
0.261
0.233
0.215
0.21600000000000003
0.242
0.331
0.308
0.21
0.318
0.17700000000000002
0.187
0.21
0.25
0.233
0.17500000000000002
0.165
0.161
0.168
0.17600000000000002
0.172
0.17
0.18
0.166
0.172
0.16699999999999998
0.168
0.16899999999999998
0.256
0.166
0.17
0.557
0.28900000000000003
0.18
0.191
0.278
0.19899999999999998
0.17400000000000002
0.204
0.211
0.21
0.17800000000000002
0.17500000000000002
0.17700000000000002
0.17400000000000002
0.17600000000000002
0.184
0.206
0.188
0.184
0.182
0.16699999999999998
0.16399999999999998
0.156
0.159
0.154
0.155
0.161
0.172
0.17900000000000002
0.181
0.187
0.203
0.226
0.23399999999999999
0.23399999999999999
0.231
0.231
0.23199999999999998
0.23
0.252
0.256
0.218
0.198
0.17500000000000002
0.161
0.155
0.14400000000000002
0.138
0.13699999999999998
0.14200000000000002
0.153
0.17600000000000002
0.17900000000000002
0.173
0.159
0.163
0.16
0.161
0.158
0.157
0.159
0.161
0.16899999999999998
0.173
0.223
0.21899999999999997
0.18
0.17800000000000002
0.19
0.193
0.18
0.17500000000000002
0.154
0.152
0.159
0.17
0.185
0.173
0.172
0.17
0.17500000000000002
0.17500000000000002
0.17500000000000002
0.17500000000000002
0.17500000000000002
0.17400000000000002
0.17500000000000002
0.172
0.171
0.171
0.171
0.171
0.17
0.17
0.166
0.172
0.17600000000000002
0.182
0.212
0.18899999999999997
0.183
0.17700000000000002
0.17800000000000002
0.18
0.183
0.182
0.19
0.19699999999999998
0.18899999999999997
0.187
0.182
0.17900000000000002
0.17400000000000002
0.171
0.171
0.17
0.16699999999999998
0.16699999999999998
0.172
0.173
0.183
0.188
0.207
0.192
0.187
0.187
0.191
0.2
0.215
0.215
0.206
0.23399999999999999
0.28400000000000003
0.249
0.225
0.204
0.205
0.19399999999999998
0.18600000000000003
0.19399999999999998
0.184
0.17900000000000002
0.17700000000000002
0.18899999999999997
0.182
0.182
0.192
0.183
0.188
0.18
0.201
0.193
0.192
0.188
0.191
0.17600000000000002
0.17500000000000002
0.171
0.17700000000000002
0.172
0.173
0.17900000000000002
0.172
0.171
0.17400000000000002
0.17400000000000002
0.17700000000000002
0.18
0.19
0.193
0.191
0.19399999999999998
0.18899999999999997
0.192
0.188
0.185
0.191
0.187
0.19
0.195
0.192
0.19399999999999998
0.187
0.187
0.18899999999999997
0.187
0.191
0.198
0.19399999999999998
0.193
0.193
0.192
0.248
0.198
0.198
0.19699999999999998
0.191
0.192
0.195
0.195
0.198
0.191
0.196
0.19699999999999998
0.19899999999999998
0.205
0.214
0.211
0.204
0.195
0.203
0.225
0.204
0.24
0.28600000000000003
0.406
0.341
0.313
0.26
0.204
0.17900000000000002
0.18899999999999997
0.187
0.198
0.2
0.211
0.21899999999999997
0.19
0.187
0.17900000000000002
0.18
0.237
0.313
0.5429999999999999
0.35500000000000004
0.735
0.513
0.307
0.23399999999999999
0.182
0.172
0.173
0.173
0.173
0.192
0.214
0.201
0.198
0.187
0.19
0.16899999999999998
0.17500000000000002
0.173
0.18600000000000003
0.19
0.23
0.27699999999999997
0.254
0.204
0.188
0.17700000000000002
0.16899999999999998
0.161
0.159
0.161
0.162
0.163
0.165
0.166
0.16899999999999998
0.16399999999999998
0.168
0.166
0.162
0.163
0.163
0.161
0.159
0.16899999999999998
0.18
0.187
0.17
0.184
0.185
0.222
0.172
0.173
0.172
0.17900000000000002
0.181
0.187
0.185
0.17800000000000002
0.188
0.17800000000000002
0.17500000000000002
0.18
0.204
0.209
0.18899999999999997
0.196
0.184
0.213
0.214
0.21
0.206
0.193
0.16699999999999998
0.159
0.165
0.165
0.17
0.168
0.221
0.188
0.217
0.223
0.19
0.19
0.187
0.19
0.19
0.20199999999999999
0.228
0.241
0.29700000000000004
0.318
0.242
0.196
0.188
0.19
0.17900000000000002
0.17500000000000002
0.172
0.17600000000000002
0.182
0.185
0.196
0.196
0.223
0.217
0.17800000000000002
0.171
0.166
0.161
0.159
0.158
0.159
0.161
0.161
0.165
0.162
0.168
0.166
0.165
0.162
0.16699999999999998
0.17
0.173
0.17800000000000002
0.18
0.18600000000000003
0.19
0.191
0.19
0.192
0.198
0.2
0.198
0.201
0.198
0.214
0.217
0.235
0.225
0.201
0.191
0.172
0.173
0.18
0.187
0.192
0.20199999999999999
0.201
0.18899999999999997
0.188
0.19
0.19399999999999998
0.188
0.183
0.172
0.161
0.158
0.209
0.299
0.205
0.212
0.22399999999999998
0.204
0.172
0.163
0.162
0.159
0.16
0.162
0.16899999999999998
0.168
0.16699999999999998
0.181
0.19399999999999998
0.18899999999999997
0.166
0.18
0.198
0.21600000000000003
0.26
0.25
0.17900000000000002
0.2
0.21
0.254
0.198
0.17900000000000002
0.16
0.171
0.165
0.165
0.17900000000000002
0.16699999999999998
0.16699999999999998
0.168
0.16699999999999998
0.188
0.17600000000000002
0.17700000000000002
0.16699999999999998
0.161
0.16
0.14800000000000002
0.14300000000000002
0.14800000000000002
0.151
0.16399999999999998
0.19699999999999998
0.193
0.171
0.163
0.16
0.16399999999999998
0.162
0.161
0.159
0.16
0.16399999999999998
0.16699999999999998
0.173
0.17900000000000002
0.22899999999999998
0.28500000000000003
0.26899999999999996
0.241
0.206
0.182
0.168
0.166
0.163
0.168
0.183
0.207
0.187
0.185
0.173
0.18
0.195
0.206
0.21600000000000003
0.207
0.211
0.208
0.206
0.198
0.191
0.201
0.231
0.266
0.28700000000000003
0.32899999999999996
0.336
0.335
0.35400000000000004
0.35900000000000004
0.34800000000000003
0.32899999999999996
0.312
0.327
0.335
0.29600000000000004
0.258
0.418
0.8470000000000001
1.08
1.202
1.235
1.239
0.997
0.315
0.016
0.042
0.031
0.03
0.161
0.172
0.168
0.161
0.14
0.134
0.13
0.129
0.135
0.134
0.132
0.133
0.14800000000000002
0.157
0.161
0.152
0.14800000000000002
0.153
0.16
0.156
0.16
0.166
0.16699999999999998
0.17500000000000002
0.17600000000000002
0.16899999999999998
0.166
0.165
0.17400000000000002
0.213
0.214
0.211
0.242
0.245
0.24
0.252
0.22699999999999998
0.21899999999999997
0.332
0.254
0.24
0.183
0.19399999999999998
0.171
0.17500000000000002
0.18899999999999997
0.192
0.17500000000000002
0.17400000000000002
0.17500000000000002
0.184
0.246
0.231
0.19699999999999998
0.182
0.184
0.17600000000000002
0.172
0.17400000000000002
0.18600000000000003
0.203
0.236
0.262
0.321
0.35300000000000004
0.361
0.317
0.36
0.37
0.335
0.251
0.275
0.34600000000000003
0.23
0.215
0.19
0.18600000000000003
0.18
0.17700000000000002
0.17400000000000002
0.183
0.201
0.203
0.2
0.205
0.217
0.221
0.207
0.201
0.19899999999999998
0.19399999999999998
0.19899999999999998
0.19699999999999998
0.198
0.20199999999999999
0.212
0.21
0.204
0.207
0.20199999999999999
0.195
0.19
0.184
0.181
0.184
0.18899999999999997
0.19699999999999998
0.204
0.22
0.244
0.23
0.225
0.217
0.204
0.196
0.18899999999999997
0.185
0.183
0.187
0.193
0.203
0.204
0.206
0.19399999999999998
0.196
0.201
0.19699999999999998
0.183
0.187
0.171
0.19699999999999998
0.2
0.182
0.16899999999999998
0.20199999999999999
0.17800000000000002
0.171
0.166
0.16
0.161
0.16699999999999998
0.166
0.162
0.162
0.165
0.162
0.163
0.17600000000000002
0.17400000000000002
0.161
0.17600000000000002
0.172
0.17
0.171
0.172
0.157
0.182
0.19
0.173
0.16399999999999998
0.161
0.16
0.165
0.165
0.16399999999999998
0.16399999999999998
0.163
0.17
0.171
0.182
0.22
0.201
0.163
0.158
0.154
0.152
0.15
0.163
0.16699999999999998
0.155
0.17400000000000002
0.16399999999999998
0.151
0.156
0.158
0.153
0.154
0.16
0.165
0.16399999999999998
0.172
0.184
0.185
0.19699999999999998
0.215
0.225
0.206
0.184
0.16399999999999998
0.165
0.155
0.156
0.168
0.17600000000000002
0.19399999999999998
0.17500000000000002
0.157
0.149
0.15
0.15
0.149
0.151
0.161
0.16
0.16399999999999998
0.171
0.17500000000000002
0.171
0.171
0.163
0.166
0.158
0.16
0.154
0.15
0.14800000000000002
0.15
0.156
0.165
0.17400000000000002
0.166
0.163
0.165
0.16
0.161
0.158
0.168
0.163
0.16399999999999998
0.171
0.172
0.17600000000000002
0.17800000000000002
0.17900000000000002
0.181
0.18899999999999997
0.195
0.18600000000000003
0.22699999999999998
0.17500000000000002
0.17500000000000002
0.181
0.173
0.17600000000000002
0.173
0.17700000000000002
0.17900000000000002
0.17
0.165
0.171
0.17900000000000002
0.17700000000000002
0.17600000000000002
0.17700000000000002
0.17400000000000002
0.184
0.19
0.206
0.225
0.17500000000000002
0.171
0.183
0.223
0.208
0.275
0.361
0.485
0.248
0.191
0.161
0.161
0.155
0.161
0.16
0.16399999999999998
0.166
0.16899999999999998
0.172
0.187
0.22399999999999998
0.267
0.27
0.253
0.34700000000000003
0.36700000000000005
0.425
0.373
0.435
0.37
0.48
0.4290000000000001
0.272
0.228
0.185
0.16
0.166
0.17900000000000002
0.17
0.17
0.16899999999999998
0.18
0.17700000000000002
0.185
0.28900000000000003
0.34400000000000003
0.246
0.22699999999999998
0.215
0.208
0.21
0.18600000000000003
0.173
0.168
0.165
0.16699999999999998
0.168
0.16899999999999998
0.16699999999999998
0.16699999999999998
0.172
0.172
0.16899999999999998
0.16899999999999998
0.165
0.172
0.18
0.17800000000000002
0.18600000000000003
0.166
0.161
0.16399999999999998
0.16
0.16
0.162
0.162
0.16699999999999998
0.17400000000000002
0.187
0.19699999999999998
0.187
0.191
0.19
0.182
0.198
0.195
0.19399999999999998
0.211
0.24
0.20199999999999999
0.182
0.187
0.171
0.16899999999999998
0.156
0.156
0.153
0.14800000000000002
0.14500000000000002
0.14300000000000002
0.14500000000000002
0.152
0.156
0.16399999999999998
0.156
0.16699999999999998
0.159
0.159
0.161
0.157
0.155
0.16699999999999998
0.171
0.16899999999999998
0.16699999999999998
0.158
0.156
0.154
0.15
0.15
0.151
0.152
0.158
0.168
0.149
0.158
0.165
0.17400000000000002
0.166
0.156
0.154
0.159
0.159
0.162
0.172
0.16699999999999998
0.165
0.166
0.16
0.161
0.159
0.152
0.152
0.151
0.153
0.159
0.183
0.22399999999999998
0.259
0.221
0.17500000000000002
0.17
0.17800000000000002
0.187
0.168
0.173
0.166
0.16699999999999998
0.168
0.16899999999999998
0.17400000000000002
0.17600000000000002
0.171
0.17400000000000002
0.181
0.171
0.16399999999999998
0.157
0.149
0.155
0.168
0.162
0.213
0.17900000000000002
0.256
0.223
0.19399999999999998
0.192
0.17900000000000002
0.18600000000000003
0.16399999999999998
0.159
0.16399999999999998
0.168
0.16
0.16
0.181
0.188
0.16899999999999998
0.16899999999999998
0.16
0.16
0.14700000000000002
0.14400000000000002
0.14200000000000002
0.14400000000000002
0.151
0.161
0.158
0.173
0.158
0.161
0.16
0.159
0.16399999999999998
0.17
0.16399999999999998
0.163
0.16699999999999998
0.163
0.165
0.16399999999999998
0.16
0.155
0.158
0.152
0.153
0.151
0.152
0.151
0.14800000000000002
0.14500000000000002
0.14400000000000002
0.14800000000000002
0.14600000000000002
0.14200000000000002
0.141
0.14300000000000002
0.141
0.14200000000000002
0.14500000000000002
0.153
0.14700000000000002
0.16
0.14300000000000002
0.14600000000000002
0.141
0.14500000000000002
0.141
0.14300000000000002
0.14800000000000002
0.14700000000000002
0.14600000000000002
0.15
0.17400000000000002
0.188
0.166
0.163
0.157
0.155
0.154
0.149
0.153
0.16899999999999998
0.157
0.16699999999999998
0.185
0.166
0.22399999999999998
0.39299999999999996
0.268
0.198
0.275
0.266
0.206
0.222
0.319
0.305
0.28200000000000003
0.28400000000000003
0.251
0.215
0.188
0.18
0.16
0.16699999999999998
0.17500000000000002
0.17500000000000002
0.17
0.17700000000000002
0.172
0.17600000000000002
0.259
0.23
0.18
0.168
0.162
0.182
0.171
0.16399999999999998
0.155
0.16899999999999998
0.214
0.195
0.201
0.20199999999999999
0.158
0.16
0.173
0.185
0.20199999999999999
0.196
0.161
0.166
0.17600000000000002
0.17800000000000002
0.196
0.212
0.206
0.204
0.212
0.16399999999999998
0.17600000000000002
0.21899999999999997
0.22
0.19699999999999998
0.34900000000000003
0.29200000000000004
0.211
0.196
0.165
0.166
0.157
0.157
0.155
0.162
0.161
0.17400000000000002
0.181
0.183
0.24
0.264
0.317
0.44299999999999995
0.487
0.385
0.35800000000000004
0.335
0.237
0.331
0.395
0.392
0.26
0.19399999999999998
0.165
0.155
0.152
0.156
0.16
0.166
0.16899999999999998
0.161
0.183
0.213
0.21
0.222
0.196
0.196
0.168
0.162
0.157
0.162
0.21899999999999997
0.223
0.217
0.185
0.17900000000000002
0.171
0.161
0.162
0.158
0.16
0.16399999999999998
0.161
0.162
0.165
0.16899999999999998
0.3
0.386
0.268
0.218
0.18899999999999997
0.18
0.16399999999999998
0.161
0.156
0.156
0.157
0.16
0.16399999999999998
0.16
0.16399999999999998
0.162
0.17
0.168
0.166
0.166
0.168
0.17500000000000002
0.18
0.187
0.203
0.19399999999999998
0.17500000000000002
0.168
0.16699999999999998
0.16399999999999998
0.16
0.16
0.158
0.165
0.18899999999999997
0.188
0.185
0.185
0.17500000000000002
0.16899999999999998
0.16699999999999998
0.15
0.152
0.161
0.165
0.17900000000000002
0.17500000000000002
0.17900000000000002
0.184
0.181
0.17500000000000002
0.158
0.159
0.157
0.155
0.151
0.149
0.157
0.16699999999999998
0.17400000000000002
0.165
0.154
0.154
0.153
0.151
0.15
0.156
0.153
0.159
0.17400000000000002
0.181
0.17900000000000002
0.17500000000000002
0.191
0.225
0.19399999999999998
0.196
0.188
0.17700000000000002
0.17400000000000002
0.168
0.2
0.236
0.28600000000000003
0.364
0.2
0.172
0.16699999999999998
0.172
0.156
0.16
0.163
0.165
0.21600000000000003
0.28200000000000003
0.311
0.391
0.255
0.154
0.14400000000000002
0.14400000000000002
0.14600000000000002
0.184
0.218
0.193
0.16399999999999998
0.14500000000000002
0.14400000000000002
0.152
0.15
0.15
0.16
0.161
0.162
0.16
0.163
0.19399999999999998
0.181
0.181
0.2
0.22899999999999998
0.249
0.28400000000000003
0.303
0.319
0.32799999999999996
0.322
0.257
0.17600000000000002
0.16399999999999998
0.157
0.16
0.165
0.153
0.15
0.154
0.154
0.163
0.171
0.2
0.243
0.251
0.217
0.172
0.16399999999999998
0.16
0.152
0.152
0.158
0.163
0.16399999999999998
0.161
0.162
0.158
0.154
0.155
0.154
0.15
0.149
0.14800000000000002
0.153
0.154
0.158
0.162
0.183
0.19399999999999998
0.158
0.157
0.155
0.151
0.158
0.159
0.157
0.162
0.165
0.16699999999999998
0.166
0.166
0.16399999999999998
0.168
0.165
0.16399999999999998
0.159
0.16399999999999998
0.166
0.172
0.184
0.29400000000000004
0.324
0.29700000000000004
0.16699999999999998
0.154
0.152
0.154
0.154
0.16
0.16699999999999998
0.205
0.209
0.25
0.211
0.172
0.173
0.165
0.16
0.181
0.17700000000000002
0.19
0.191
0.17800000000000002
0.207
0.188
0.19399999999999998
0.185
0.191
0.187
0.187
0.187
0.14600000000000002
0.135
0.13699999999999998
0.153
0.16
0.166
0.155
0.151
0.14500000000000002
0.14300000000000002
0.152
0.158
0.149
0.14200000000000002
0.151
0.15
0.17600000000000002
0.21600000000000003
0.209
0.163
0.152
0.149
0.16
0.17400000000000002
0.162
0.16
0.15
0.163
0.187
0.159
0.15
0.139
0.13699999999999998
0.152
0.161
0.155
0.166
0.181
0.17600000000000002
0.154
0.14600000000000002
0.16
0.163
0.162
0.152
0.15
0.14300000000000002
0.141
0.138
0.14
0.14300000000000002
0.15
0.158
0.14600000000000002
0.168
0.14400000000000002
0.14400000000000002
0.14400000000000002
0.14300000000000002
0.157
0.15
0.149
0.16
0.14700000000000002
0.15
0.14300000000000002
0.14200000000000002
0.135
0.135
0.133
0.133
0.13699999999999998
0.135
0.131
0.135
0.14200000000000002
0.14500000000000002
0.157
0.14700000000000002
0.14500000000000002
0.139
0.14600000000000002
0.151
0.15
0.152
0.155
0.155
0.14800000000000002
0.14600000000000002
0.14400000000000002
0.14600000000000002
0.14200000000000002
0.14
0.139
0.136
0.13699999999999998
0.136
0.138
0.14
0.14200000000000002
0.14800000000000002
0.14400000000000002
0.14700000000000002
0.14600000000000002
0.14500000000000002
0.14600000000000002
0.151
0.155
0.16399999999999998
0.154
0.156
0.155
0.154
0.16
0.14800000000000002
0.14300000000000002
0.138
0.13699999999999998
0.135
0.136
0.136
0.133
0.139
0.14
0.14
0.141
0.14500000000000002
0.14400000000000002
0.15
0.14600000000000002
0.14700000000000002
0.14500000000000002
0.153
0.16699999999999998
0.157
0.206
0.256
0.19
0.154
0.14200000000000002
0.14200000000000002
0.139
0.136
0.134
0.14700000000000002
0.168
0.17400000000000002
0.188
0.16899999999999998
0.157
0.14700000000000002
0.14500000000000002
0.14300000000000002
0.155
0.152
0.162
0.161
0.152
0.155
0.156
0.154
0.153
0.14300000000000002
0.139
0.13699999999999998
0.222
0.138
0.138
0.139
0.14500000000000002
0.16
0.155
0.153
0.14600000000000002
0.151
0.14800000000000002
0.14800000000000002
0.129
0.14700000000000002
0.14500000000000002
0.14300000000000002
0.14600000000000002
0.14200000000000002
0.139
0.136
0.136
0.138
0.138
0.139
0.14600000000000002
0.14200000000000002
0.152
0.16899999999999998
0.149
0.253
0.241
0.17500000000000002
0.25
0.185
0.181
0.14400000000000002
0.14700000000000002
0.162
0.162
0.171
0.183
0.17700000000000002
0.154
0.14400000000000002
0.141
0.14200000000000002
0.139
0.139
0.14200000000000002
0.149
0.152
0.163
0.16399999999999998
0.16399999999999998
0.155
0.161
0.149
0.15
0.14700000000000002
0.157
0.183
0.161
0.157
0.16399999999999998
0.19399999999999998
0.20199999999999999
0.195
0.24
0.264
0.19899999999999998
0.17500000000000002
0.192
0.21
0.272
0.21
0.17700000000000002
0.152
0.14200000000000002
0.14300000000000002
0.139
0.136
0.138
0.136
0.133
0.14
0.14500000000000002
0.162
0.242
0.28800000000000003
0.23199999999999998
0.2
0.242
0.243
0.281
0.266
0.362
0.368
0.37799999999999995
0.205
0.195
0.207
0.188
0.172
0.152
0.155
0.14500000000000002
0.14200000000000002
0.149
0.14800000000000002
0.15
0.161
0.17700000000000002
0.223
0.211
0.17500000000000002
0.15
0.139
0.13699999999999998
0.13699999999999998
0.13
0.135
0.14
0.14
0.138
0.136
0.138
0.133
0.138
0.14300000000000002
0.14300000000000002
0.139
0.14200000000000002
0.14200000000000002
0.14400000000000002
0.153
0.149
0.17700000000000002
0.19699999999999998
0.267
0.191
0.16399999999999998
0.14600000000000002
0.139
0.136
0.129
0.127
0.13
0.136
0.14
0.136
0.141
0.16
0.14300000000000002
0.14300000000000002
0.14400000000000002
0.13699999999999998
0.138
0.152
0.16699999999999998
0.16899999999999998
0.18
0.2
0.188
0.17900000000000002
0.14400000000000002
0.163
0.14300000000000002
0.136
0.14200000000000002
0.14400000000000002
0.161
0.15
0.139
0.136
0.133
0.134
0.136
0.14200000000000002
0.14200000000000002
0.141
0.14400000000000002
0.149
0.141
0.14400000000000002
0.173
0.203
0.211
0.204
0.158
0.149
0.162
0.17400000000000002
0.201
0.23399999999999999
0.25
0.19
0.14500000000000002
0.128
0.131
0.14400000000000002
0.133
0.14
0.132
0.133
0.136
0.138
0.14500000000000002
0.198
0.376
0.32299999999999995
0.26
0.32299999999999995
0.336
0.327
0.311
0.26
0.326
0.42
0.4910000000000001
0.23199999999999998
0.162
0.14300000000000002
0.14
0.14
0.14200000000000002
0.14400000000000002
0.14200000000000002
0.135
0.141
0.14400000000000002
0.16399999999999998
0.214
0.221
0.185
0.17400000000000002
0.158
0.159
0.159
0.159
0.161
0.17
0.17700000000000002
0.17400000000000002
0.14200000000000002
0.138
0.14400000000000002
0.14400000000000002
0.149
0.161
0.181
0.172
0.159
0.158
0.149
0.14400000000000002
0.14200000000000002
0.14
0.14200000000000002
0.14200000000000002
0.14600000000000002
0.158
0.17600000000000002
0.17
0.157
0.14
0.136
0.134
0.13699999999999998
0.132
0.13
0.133
0.13699999999999998
0.14200000000000002
0.259
0.49
0.55
0.5750000000000001
0.529
0.259
0.22399999999999998
0.261
0.228
0.198
0.17700000000000002
0.14700000000000002
0.15
0.149
0.133
0.131
0.128
0.13
0.131
0.126
0.13
0.138
0.15
0.14700000000000002
0.238
0.41
0.5329999999999999
0.326
0.28800000000000003
0.228
0.16399999999999998
0.152
0.171
0.19699999999999998
0.254
0.206
0.16399999999999998
0.156
0.14800000000000002
0.141
0.14500000000000002
0.14700000000000002
0.139
0.14
0.153
0.14500000000000002
0.166
0.162
0.193
0.187
0.17
0.154
0.15
0.14600000000000002
0.14600000000000002
0.14500000000000002
0.14700000000000002
0.153
0.173
0.171
0.162
0.153
0.14700000000000002
0.14700000000000002
0.149
0.14700000000000002
0.149
0.14200000000000002
0.14200000000000002
0.141
0.163
0.188
0.211
0.218
0.162
0.158
0.182
0.211
0.166
0.14
0.14300000000000002
0.162
0.18899999999999997
0.215
0.18899999999999997
0.16699999999999998
0.15
0.14500000000000002
0.155
0.138
0.14400000000000002
0.14400000000000002
0.14
0.14600000000000002
0.14
0.151
0.17900000000000002
0.18600000000000003
0.17700000000000002
0.17400000000000002
0.16899999999999998
0.158
0.154
0.163
0.165
0.18899999999999997
0.245
0.236
0.211
0.187
0.16
0.15
0.16
0.156
0.139
0.133
0.13699999999999998
0.152
0.153
0.152
0.18899999999999997
0.205
0.172
0.16399999999999998
0.162
0.159
0.158
0.14800000000000002
0.154
0.16
0.183
0.18600000000000003
0.18600000000000003
0.165
0.161
0.162
0.139
0.149
0.149
0.153
0.158
0.159
0.165
0.173
0.16699999999999998
0.165
0.166
0.16399999999999998
0.171
0.173
0.17500000000000002
0.172
0.17600000000000002
0.17700000000000002
0.17600000000000002
0.172
0.168
0.162
0.159
0.14800000000000002
0.14800000000000002
0.149
0.141
0.135
0.136
0.14
0.193
0.326
0.35400000000000004
0.226
0.16699999999999998
0.166
0.17800000000000002
0.19
0.191
0.187
0.19
0.18899999999999997
0.188
0.187
0.188
0.18899999999999997
0.193
0.192
0.187
0.18600000000000003
0.203
0.19899999999999998
0.195
0.182
0.184
0.198
0.19
0.185
0.17400000000000002
0.16
0.151
0.141
0.14300000000000002
0.149
0.157
0.14500000000000002
0.14200000000000002
0.14800000000000002
0.16899999999999998
0.15
0.15
0.155
0.149
0.15
0.141
0.15
0.14600000000000002
0.13699999999999998
0.14200000000000002
0.133
0.131
0.14
0.13699999999999998
0.134
0.138
0.13699999999999998
0.139
0.14500000000000002
0.154
0.154
0.14600000000000002
0.163
0.14500000000000002
0.15
0.153
0.152
0.15
0.152
0.157
0.16
0.151
0.149
0.14500000000000002
0.132
0.128
0.13
0.13
0.12
0.11699999999999999
0.122
0.123
0.127
0.13699999999999998
0.141
0.14300000000000002
0.133
0.131
0.128
0.125
0.125
0.14700000000000002
0.132
0.141
0.138
0.132
0.14800000000000002
0.151
0.21600000000000003
0.309
0.278
0.272
0.256
0.268
0.14700000000000002
0.133
0.2
0.37200000000000005
0.369
0.239
0.624
0.276
0.15
0.138
0.14
0.129
0.127
0.12
0.127
0.127
0.132
0.17500000000000002
0.317
0.471
0.307
0.267
0.17900000000000002
0.153
0.154
0.16399999999999998
0.206
0.3
0.325
0.198
0.16
0.168
0.17900000000000002
0.171
0.161
0.132
0.141
0.131
0.127
0.134
0.182
0.222
0.18899999999999997
0.184
0.19899999999999998
0.265
0.304
0.364
0.29
0.25
0.268
0.196
0.133
0.14200000000000002
0.141
0.151
0.135
0.127
0.122
0.134
0.14600000000000002
0.13
0.126
0.131
0.128
0.132
0.128
0.126
0.12
0.113
0.111
0.109
0.10800000000000001
0.113
0.113
0.113
0.11199999999999999
0.115
0.11699999999999999
0.119
0.119
0.11699999999999999
0.11699999999999999
0.114
0.118
0.122
0.125
0.125
0.14300000000000002
0.21899999999999997
0.26
0.17900000000000002
0.191
0.211
0.201
0.173
0.162
0.16699999999999998
0.17800000000000002
0.17900000000000002
0.15
0.129
0.139
0.123
0.123
0.123
0.119
0.121
0.127
0.129
0.129
0.128
0.157
0.23
0.299
0.18600000000000003
0.155
0.136
0.133
0.127
0.123
0.127
0.141
0.152
0.14400000000000002
0.131
0.125
0.123
0.181
0.12
0.124
0.126
0.13699999999999998
0.155
0.141
0.16899999999999998
0.19399999999999998
0.18600000000000003
0.151
0.136
0.131
0.125
0.121
0.124
0.14500000000000002
0.132
0.132
0.132
0.14200000000000002
0.14200000000000002
0.133
0.13699999999999998
0.139
0.14200000000000002
0.14700000000000002
0.155
0.158
0.16
0.17700000000000002
0.206
0.251
0.24
0.22
0.16399999999999998
0.152
0.15
0.14800000000000002
0.129
0.11699999999999999
0.128
0.14700000000000002
0.131
0.126
0.126
0.131
0.131
0.14500000000000002
0.22
0.141
0.135
0.14300000000000002
0.149
0.136
0.138
0.14400000000000002
0.17
0.19899999999999998
0.28800000000000003
0.208
0.18
0.128
0.121
0.123
0.124
0.118
0.122
0.121
0.125
0.125
0.122
0.126
0.13
0.11699999999999999
0.113
0.121
0.122
0.135
0.136
0.135
0.131
0.121
0.115
0.11699999999999999
0.115
0.131
0.151
0.14400000000000002
0.122
0.12
0.119
0.114
0.111
0.11
0.111
0.11
0.113
0.11599999999999999
0.115
0.12
0.119
0.123
0.121
0.114
0.12
0.119
0.11699999999999999
0.11599999999999999
0.109
0.106
0.109
0.111
0.11199999999999999
0.105
0.11
0.11199999999999999
0.109
0.105
0.105
0.104
0.12
0.111
0.119
0.121
0.153
0.17600000000000002
0.126
0.13
0.131
0.127
0.125
0.124
0.127
0.155
0.20199999999999999
0.156
0.19899999999999998
0.233
0.14400000000000002
0.118
0.11
0.111
0.123
0.111
0.121
0.11199999999999999
0.115
0.118
0.139
0.195
0.172
0.159
0.132
0.123
0.11699999999999999
0.11599999999999999
0.11599999999999999
0.122
0.129
0.139
0.132
0.123
0.12
0.125
0.125
0.133
0.134
0.132
0.133
0.14700000000000002
0.15
0.14400000000000002
0.15
0.159
0.162
0.153
0.156
0.14600000000000002
0.14500000000000002
0.14800000000000002
0.15
0.15
0.156
0.163
0.153
0.156
0.156
0.14700000000000002
0.14200000000000002
0.14600000000000002
0.138
0.13699999999999998
0.138
0.14700000000000002
0.136
0.132
0.151
0.166
0.22899999999999998
0.166
0.165
0.14500000000000002
0.14800000000000002
0.153
0.17900000000000002
0.16699999999999998
0.18
0.246
0.212
0.377
0.29700000000000004
0.16699999999999998
0.13
0.125
0.161
0.136
0.151
0.14
0.165
0.159
0.136
0.131
0.131
0.13
0.131
0.118
0.121
0.156
0.158
0.155
0.123
0.134
0.114
0.113
0.11699999999999999
0.114
0.118
0.123
0.12
0.12
0.14600000000000002
0.14
0.17500000000000002
0.17500000000000002
0.14200000000000002
0.14500000000000002
0.127
0.11599999999999999
0.122
0.123
0.127
0.13
0.128
0.126
0.125
0.118
0.11699999999999999
0.122
0.121
0.119
0.12
0.126
0.126
0.127
0.14300000000000002
0.152
0.154
0.14400000000000002
0.132
0.132
0.131
0.136
0.132
0.131
0.135
0.14500000000000002
0.153
0.14300000000000002
0.13699999999999998
0.13
0.127
0.128
0.126
0.126
0.133
0.122
0.126
0.12
0.128
0.154
0.16899999999999998
0.17800000000000002
0.171
0.139
0.128
0.124
0.131
0.132
0.141
0.138
0.14400000000000002
0.14400000000000002
0.149
0.14300000000000002
0.14700000000000002
0.14200000000000002
0.139
0.14500000000000002
0.14300000000000002
0.14400000000000002
0.149
0.154
0.161
0.163
0.14
0.17600000000000002
0.171
0.238
0.16399999999999998
0.138
0.131
0.125
0.125
0.13
0.134
0.132
0.138
0.132
0.133
0.133
0.134
0.127
0.129
0.136
0.14300000000000002
0.134
0.139
0.14500000000000002
0.162
0.157
0.155
0.14300000000000002
0.139
0.139
0.139
0.14
0.15
0.162
0.16
0.163
0.14800000000000002
0.14400000000000002
0.141
0.14300000000000002
0.14200000000000002
0.14200000000000002
0.14300000000000002
0.13699999999999998
0.158
0.14400000000000002
0.165
0.16
0.136
0.131
0.138
0.129
0.121
0.123
0.127
0.13
0.154
0.198
0.23
0.23199999999999998
0.163
0.14700000000000002
0.13
0.132
0.141
0.134
0.14600000000000002
0.14500000000000002
0.14500000000000002
0.13699999999999998
0.136
0.135
0.165
0.158
0.132
0.126
0.123
0.12
0.122
0.127
0.13699999999999998
0.14500000000000002
0.16699999999999998
0.153
0.133
0.134
0.125
0.123
0.121
0.125
0.123
0.133
0.133
0.16699999999999998
0.223
0.241
0.218
0.182
0.14800000000000002
0.141
0.14
0.14300000000000002
0.154
0.163
0.154
0.14600000000000002
0.14400000000000002
0.141
0.141
0.134
0.132
0.132
0.136
0.131
0.129
0.132
0.138
0.17500000000000002
0.207
0.209
0.173
0.16
0.14
0.14700000000000002
0.13699999999999998
0.129
0.132
0.133
0.13699999999999998
0.141
0.15
0.151
0.151
0.14800000000000002
0.15
0.153
0.15
0.151
0.14400000000000002
0.155
0.16699999999999998
0.17400000000000002
0.17
0.165
0.163
0.14300000000000002
0.14600000000000002
0.14600000000000002
0.139
0.141
0.157
0.16899999999999998
0.165
0.162
0.16899999999999998
0.205
0.206
0.155
0.212
0.17900000000000002
0.135
0.141
0.14400000000000002
0.14200000000000002
0.149
0.185
0.206
0.204
0.18
0.151
0.14500000000000002
0.14400000000000002
0.149
0.14500000000000002
0.14800000000000002
0.163
0.16899999999999998
0.188
0.173
0.16
0.155
0.153
0.149
0.14700000000000002
0.154
0.153
0.17400000000000002
0.166
0.172
0.17600000000000002
0.185
0.168
0.157
0.17
0.187
0.15
0.16399999999999998
0.20199999999999999
0.22899999999999998
0.2
0.154
0.158
0.156
0.155
0.155
0.159
0.154
0.156
0.151
0.155
0.182
0.155
0.152
0.165
0.156
0.153
0.133
0.123
0.128
0.123
0.125
0.125
0.129
0.154
0.14300000000000002
0.131
0.13
0.123
0.123
0.11699999999999999
0.126
0.123
0.121
0.122
0.13
0.132
0.131
0.14
0.141
0.13
0.121
0.115
0.119
0.118
0.12
0.11699999999999999
0.124
0.14800000000000002
0.157
0.133
0.132
0.125
0.123
0.13
0.135
0.134
0.14200000000000002
0.14800000000000002
0.15
0.152
0.157
0.17500000000000002
0.198
0.183
0.17700000000000002
0.16699999999999998
0.156
0.151
0.14700000000000002
0.14600000000000002
0.14800000000000002
0.151
0.162
0.16
0.159
0.153
0.14600000000000002
0.14200000000000002
0.14300000000000002
0.14300000000000002
0.138
0.136
0.13699999999999998
0.136
0.14
0.156
0.161
0.17400000000000002
0.173
0.156
0.155
0.156
0.14600000000000002
0.14600000000000002
0.158
0.159
0.155
0.14800000000000002
0.15
0.156
0.151
0.151
0.154
0.159
0.159
0.158
0.157
0.165
0.17
0.185
0.18899999999999997
0.172
0.16399999999999998
0.161
0.161
0.16
0.159
0.165
0.17
0.181
0.181
0.17800000000000002
0.168
0.154
0.151
0.154
0.154
0.14800000000000002
0.157
0.161
0.162
0.166
0.16399999999999998
0.165
0.152
0.131
0.14200000000000002
0.12
0.12
0.11699999999999999
0.124
0.14400000000000002
0.163
0.17700000000000002
0.171
0.152
0.183
0.171
0.203
0.184
0.17
0.165
0.182
0.187
0.184
0.2
0.203
0.192
0.19
0.185
0.181
0.17400000000000002
0.16899999999999998
0.165
0.16399999999999998
0.17700000000000002
0.19
0.17600000000000002
0.173
0.17700000000000002
0.17600000000000002
0.18600000000000003
0.203
0.188
0.182
0.155
0.17
0.184
0.172
0.19399999999999998
0.209
0.193
0.214
0.14700000000000002
0.14300000000000002
0.14400000000000002
0.14200000000000002
0.152
0.16899999999999998
0.18899999999999997
0.244
0.185
0.17600000000000002
0.19399999999999998
0.16
0.161
0.156
0.14700000000000002
0.152
0.18
0.17400000000000002
0.153
0.152
0.17600000000000002
0.181
0.181
0.153
0.154
0.156
0.156
0.151
0.14500000000000002
0.14
0.153
0.201
0.141
0.13699999999999998
0.14800000000000002
0.14200000000000002
0.133
0.123
0.135
0.139
0.149
0.14300000000000002
0.14800000000000002
0.158
0.17700000000000002
0.16399999999999998
0.14800000000000002
0.138
0.135
0.129
0.118
0.11699999999999999
0.123
0.149
0.14
0.155
0.14
0.134
0.131
0.132
0.133
0.138
0.14300000000000002
0.14600000000000002
0.149
0.15
0.168
0.184
0.271
0.501
0.433
0.35400000000000004
0.253
0.163
0.158
0.163
0.16899999999999998
0.17400000000000002
0.183
0.181
0.16899999999999998
0.17
0.166
0.161
0.159
0.16699999999999998
0.166
0.165
0.161
0.16399999999999998
0.168
0.17400000000000002
0.185
0.188
0.183
0.171
0.161
0.159
0.16
0.172
0.195
0.249
0.2
0.18
0.17400000000000002
0.17400000000000002
0.17400000000000002
0.17500000000000002
0.173
0.172
0.173
0.17400000000000002
0.17600000000000002
0.17700000000000002
0.184
0.18899999999999997
0.193
0.183
0.185
0.17600000000000002
0.172
0.16899999999999998
0.17
0.171
0.17800000000000002
0.182
0.185
0.18899999999999997
0.2
0.192
0.201
0.18
0.163
0.157
0.16699999999999998
0.166
0.17
0.17500000000000002
0.161
0.153
0.154
0.14800000000000002
0.14800000000000002
0.133
0.135
0.139
0.135
0.13699999999999998
0.15
0.196
0.205
0.193
0.162
0.16
0.14800000000000002
0.14800000000000002
0.159
0.155
0.14500000000000002
0.14500000000000002
0.156
0.154
0.152
0.165
0.187
0.214
0.171
0.17500000000000002
0.16699999999999998
0.172
0.17600000000000002
0.161
0.172
0.206
0.19
0.171
0.223
0.187
0.159
0.155
0.151
0.157
0.152
0.156
0.162
0.16
0.159
0.185
0.184
0.17900000000000002
0.173
0.171
0.17800000000000002
0.16899999999999998
0.172
0.17700000000000002
0.195
0.22699999999999998
0.258
0.235
0.21600000000000003
0.182
0.172
0.171
0.16899999999999998
0.16699999999999998
0.173
0.17700000000000002
0.184
0.19899999999999998
0.22899999999999998
0.246
0.20199999999999999
0.207
0.195
0.17900000000000002
0.171
0.16699999999999998
0.165
0.171
0.172
0.16899999999999998
0.16899999999999998
0.168
0.168
0.166
0.16399999999999998
0.162
0.161
0.156
0.161
0.16699999999999998
0.17400000000000002
0.18899999999999997
0.198
0.182
0.17500000000000002
0.168
0.16
0.158
0.154
0.15
0.156
0.14700000000000002
0.14200000000000002
0.14300000000000002
0.14400000000000002
0.14400000000000002
0.14200000000000002
0.14600000000000002
0.152
0.156
0.158
0.157
0.156
0.163
0.17600000000000002
0.191
0.17900000000000002
0.16699999999999998
0.153
0.14700000000000002
0.14600000000000002
0.14400000000000002
0.14300000000000002
0.141
0.153
0.161
0.196
0.207
0.16399999999999998
0.157
0.151
0.16
0.14800000000000002
0.14300000000000002
0.151
0.155
0.158
0.16
0.161
0.168
0.17500000000000002
0.16899999999999998
0.154
0.152
0.157
0.156
0.16
0.156
0.165
0.188
0.20199999999999999
0.312
0.252
0.214
0.188
0.18
0.166
0.158
0.17600000000000002
0.22399999999999998
0.17800000000000002
0.17
0.16699999999999998
0.17
0.331
0.182
0.182
0.17900000000000002
0.16899999999999998
0.172
0.162
0.14800000000000002
0.162
0.183
0.205
0.252
0.239
0.181
0.158
0.156
0.158
0.158
0.154
0.153
0.155
0.17400000000000002
0.18899999999999997
0.198
0.184
0.184
0.17700000000000002
0.166
0.166
0.165
0.165
0.156
0.14400000000000002
0.136
0.14400000000000002
0.13699999999999998
0.141
0.134
0.131
0.129
0.126
0.125
0.124
0.123
0.121
0.123
0.14
0.222
0.362
0.311
0.17
0.128
0.13
0.129
0.129
0.13699999999999998
0.2
0.157
0.118
0.109
0.11
0.11699999999999999
0.119
0.123
0.123
0.124
0.13
0.135
0.17900000000000002
0.249
0.198
0.17400000000000002
0.14700000000000002
0.129
0.131
0.125
0.126
0.127
0.128
0.13699999999999998
0.16699999999999998
0.14500000000000002
0.153
0.141
0.14200000000000002
0.134
0.131
0.131
0.132
0.138
0.14500000000000002
0.149
0.156
0.172
0.165
0.157
0.154
0.14400000000000002
0.132
0.122
0.127
0.126
0.132
0.133
0.13699999999999998
0.15
0.141
0.13699999999999998
0.138
0.138
0.135
0.135
0.14400000000000002
0.157
0.14700000000000002
0.155
0.16
0.16
0.14800000000000002
0.131
0.123
0.118
0.114
0.119
0.122
0.14200000000000002
0.166
0.185
0.17700000000000002
0.149
0.18899999999999997
0.133
0.124
0.127
0.132
0.135
0.129
0.135
0.135
0.156
0.228
0.335
0.336
0.364
0.395
0.391
0.34
0.33799999999999997
0.375
0.362
0.555
0.544
0.34700000000000003
0.249
0.151
0.141
0.14600000000000002
0.14200000000000002
0.13699999999999998
0.14400000000000002
0.14800000000000002
0.14700000000000002
0.152
0.172
0.182
0.157
0.14800000000000002
0.14600000000000002
0.138
0.138
0.14
0.14700000000000002
0.154
0.17400000000000002
0.204
0.19
0.156
0.16399999999999998
0.16699999999999998
0.16399999999999998
0.171
0.17600000000000002
0.17600000000000002
0.181
0.18
0.17700000000000002
0.183
0.212
0.166
0.157
0.171
0.183
0.16399999999999998
0.15
0.154
0.14600000000000002
0.168
0.16
0.173
0.16399999999999998
0.152
0.14800000000000002
0.14800000000000002
0.149
0.14700000000000002
0.14800000000000002
0.14700000000000002
0.149
0.159
0.18600000000000003
0.19399999999999998
0.163
0.17900000000000002
0.16399999999999998
0.173
0.18899999999999997
0.159
0.19399999999999998
0.16
0.16899999999999998
0.18600000000000003
0.275
0.19
0.223
0.213
0.19399999999999998
0.17600000000000002
0.14500000000000002
0.14600000000000002
0.16699999999999998
0.155
0.14500000000000002
0.15
0.15
0.157
0.21
0.208
0.192
0.154
0.155
0.152
0.154
0.141
0.153
0.152
0.149
0.152
0.14700000000000002
0.14400000000000002
0.157
0.152
0.14700000000000002
0.14700000000000002
0.14500000000000002
0.14400000000000002
0.14600000000000002
0.155
0.165
0.17400000000000002
0.165
0.154
0.152
0.14200000000000002
0.139
0.136
0.141
0.141
0.132
0.132
0.135
0.139
0.14300000000000002
0.149
0.158
0.161
0.17
0.17900000000000002
0.17600000000000002
0.17900000000000002
0.173
0.17600000000000002
0.184
0.17800000000000002
0.17900000000000002
0.18
0.17600000000000002
0.18899999999999997
0.17800000000000002
0.17800000000000002
0.18
0.17500000000000002
0.166
0.17400000000000002
0.19699999999999998
0.207
0.214
0.17
0.159
0.16
0.152
0.149
0.168
0.14500000000000002
0.153
0.155
0.166
0.156
0.17500000000000002
0.16899999999999998
0.17600000000000002
0.153
0.154
0.154
0.152
0.151
0.15
0.159
0.18899999999999997
0.18899999999999997
0.185
0.187
0.181
0.17700000000000002
0.172
0.165
0.17400000000000002
0.2
0.21600000000000003
0.221
0.19399999999999998
0.17700000000000002
0.168
0.16699999999999998
0.16
0.158
0.153
0.149
0.14700000000000002
0.14600000000000002
0.155
0.16399999999999998
0.182
0.20199999999999999
0.196
0.14300000000000002
0.13699999999999998
0.141
0.153
0.14
0.136
0.14400000000000002
0.14600000000000002
0.14700000000000002
0.14200000000000002
0.136
0.14
0.135
0.136
0.134
0.138
0.14800000000000002
0.153
0.16
0.187
0.16
0.165
0.181
0.17400000000000002
0.17
0.171
0.16899999999999998
0.16899999999999998
0.17
0.17700000000000002
0.188
0.19899999999999998
0.191
0.196
0.225
0.39299999999999996
0.7759999999999999
0.655
0.406
0.23399999999999999
0.195
0.19699999999999998
0.195
0.191
0.21600000000000003
0.245
0.308
0.29600000000000004
0.386
0.22399999999999998
0.2
0.205
0.19699999999999998
0.185
0.183
0.185
0.191
0.19699999999999998
0.196
0.19399999999999998
0.212
0.198
0.204
0.206
0.23399999999999999
0.241
0.254
0.28800000000000003
0.28600000000000003
0.214
0.228
0.21
0.198
0.192
0.184
0.18
0.184
0.184
0.183
0.198
0.204
0.21899999999999997
0.22699999999999998
0.19899999999999998
0.185
0.188
0.188
0.183
0.183
0.184
0.192
0.192
0.192
0.17600000000000002
0.185
0.188
0.17700000000000002
0.185
0.17700000000000002
0.17500000000000002
0.18
0.181
0.19399999999999998
0.19699999999999998
0.18899999999999997
0.185
0.18
0.17700000000000002
0.17600000000000002
0.17600000000000002
0.19699999999999998
0.18600000000000003
0.18
0.18
0.18600000000000003
0.204
0.218
0.21
0.166
0.138
0.155
0.153
0.14500000000000002
0.19
0.168
0.17800000000000002
0.243
0.181
0.17400000000000002
0.21
0.238
0.205
0.184
0.168
0.162
0.152
0.15
0.15
0.173
0.28700000000000003
0.208
0.19699999999999998
0.165
0.14500000000000002
0.129
0.13
0.127
0.129
0.134
0.134
0.14
0.14
0.13699999999999998
0.22
0.405
0.421
0.462
0.417
0.439
0.39
0.265
0.242
0.302
0.511
0.614
0.474
0.228
0.181
0.162
0.158
0.152
0.151
0.151
0.158
0.173
0.198
0.191
0.184
0.161
0.14800000000000002
0.14500000000000002
0.14700000000000002
0.14500000000000002
0.149
0.14600000000000002
0.14600000000000002
0.154
0.161
0.17
0.159
0.161
0.156
0.168
0.16
0.16399999999999998
0.161
0.162
0.173
0.183
0.188
0.18
0.165
0.152
0.14600000000000002
0.141
0.13699999999999998
0.14300000000000002
0.14400000000000002
0.14300000000000002
0.14600000000000002
0.157
0.162
0.171
0.168
0.171
0.171
0.17
0.16899999999999998
0.173
0.183
0.182
0.192
0.19399999999999998
0.187
0.132
0.13699999999999998
0.13699999999999998
0.131
0.124
0.122
0.126
0.139
0.135
0.136
0.14800000000000002
0.14800000000000002
0.16399999999999998
0.173
0.166
0.163
0.16899999999999998
0.163
0.157
0.152
0.152
0.151
0.17800000000000002
0.21600000000000003
0.221
0.228
0.222
0.204
0.23399999999999999
0.195
0.17600000000000002
0.17700000000000002
0.17600000000000002
0.17
0.188
0.184
0.18600000000000003
0.166
0.162
0.163
0.162
0.158
0.14500000000000002
0.14600000000000002
0.14700000000000002
0.141
0.153
0.203
0.205
0.205
0.17800000000000002
0.17700000000000002
0.161
0.161
0.158
0.163
0.172
0.22699999999999998
0.244
0.261
0.203
0.166
0.182
0.17700000000000002
0.171
0.165
0.16399999999999998
0.16399999999999998
0.17500000000000002
0.16899999999999998
0.185
0.238
0.27399999999999997
0.258
0.264
0.255
0.299
0.228
0.206
0.226
0.241
0.433
0.5700000000000001
0.311
0.32
0.27
0.16699999999999998
0.17
0.196
0.17500000000000002
0.16399999999999998
0.16699999999999998
0.18600000000000003
0.191
0.2
0.228
0.258
0.217
0.17900000000000002
0.16899999999999998
0.16899999999999998
0.171
0.165
0.168
0.188
0.213
0.307
0.22399999999999998
0.198
0.19
0.18
0.173
0.171
0.17600000000000002
0.166
0.16699999999999998
0.17400000000000002
0.17400000000000002
0.19899999999999998
0.28700000000000003
0.29500000000000004
0.365
0.251
0.18
0.17600000000000002
0.172
0.173
0.21899999999999997
0.22
0.246
0.213
0.188
0.18
0.17700000000000002
0.18
0.17600000000000002
0.171
0.17500000000000002
0.17800000000000002
0.18899999999999997
0.208
0.201
0.193
0.191
0.17700000000000002
0.168
0.16
0.158
0.154
0.157
0.159
0.163
0.16899999999999998
0.181
0.193
0.20199999999999999
0.201
0.205
0.213
0.2
0.213
0.2
0.19699999999999998
0.205
0.207
0.207
0.215
0.212
0.207
0.195
0.18600000000000003
0.17700000000000002
0.17400000000000002
0.17900000000000002
0.19699999999999998
0.215
0.244
0.239
0.18600000000000003
0.191
0.193
0.183
0.183
0.195
0.198
0.21
0.207
0.24700000000000005
0.5670000000000001
0.45899999999999996
0.5539999999999999
0.498
0.35700000000000004
0.258
0.23399999999999999
0.22899999999999998
0.218
0.203
0.198
0.192
0.198
0.215
0.207
0.215
0.233
0.22899999999999998
0.222
0.217
0.22
0.225
0.242
0.257
0.259
0.248
0.225
0.214
0.24
0.27399999999999997
0.267
0.217
0.196
0.18600000000000003
0.17800000000000002
0.17900000000000002
0.182
0.19
0.19399999999999998
0.18600000000000003
0.182
0.171
0.188
0.182
0.161
0.161
0.155
0.156
0.159
0.161
0.155
0.153
0.151
0.158
0.14700000000000002
0.14600000000000002
0.14700000000000002
0.159
0.173
0.19699999999999998
0.18899999999999997
0.211
0.253
0.257
0.23
0.218
0.195
0.205
0.212
0.206
0.19699999999999998
0.21600000000000003
0.241
0.21600000000000003
0.205
0.196
0.21899999999999997
0.228
0.319
0.307
0.525
0.508
0.49
0.417
0.318
0.238
0.211
0.165
0.168
0.161
0.16899999999999998
0.16899999999999998
0.17500000000000002
0.171
0.17
0.22
0.302
0.407
0.498
0.35100000000000003
0.259
0.211
0.195
0.181
0.182
0.19899999999999998
0.256
0.278
0.3
0.22
0.192
0.183
0.17900000000000002
0.17600000000000002
0.17
0.16899999999999998
0.165
0.171
0.181
0.271
0.28200000000000003
0.255
0.198
0.181
0.17700000000000002
0.165
0.168
0.168
0.226
0.239
0.29500000000000004
0.228
0.213
0.165
0.156
0.156
0.163
0.16699999999999998
0.16399999999999998
0.16399999999999998
0.163
0.16399999999999998
0.161
0.16399999999999998
0.168
0.16699999999999998
0.16399999999999998
0.161
0.161
0.16
0.159
0.163
0.166
0.172
0.18
0.182
0.187
0.19899999999999998
0.191
0.19
0.183
0.184
0.19399999999999998
0.181
0.19
0.191
0.171
0.168
0.16
0.158
0.158
0.168
0.17500000000000002
0.17500000000000002
0.17700000000000002
0.18
0.183
0.183
0.184
0.18899999999999997
0.185
0.18899999999999997
0.193
0.184
0.17600000000000002
0.17
0.16399999999999998
0.173
0.18600000000000003
0.193
0.19399999999999998
0.195
0.188
0.18899999999999997
0.18600000000000003
0.18600000000000003
0.182
0.18
0.17600000000000002
0.184
0.19399999999999998
0.208
0.21
0.203
0.187
0.184
0.182
0.18
0.18
0.18
0.18
0.18600000000000003
0.204
0.254
0.371
0.335
0.249
0.187
0.188
0.19699999999999998
0.184
0.185
0.184
0.185
0.196
0.22
0.215
0.206
0.205
0.19899999999999998
0.193
0.184
0.184
0.18600000000000003
0.18600000000000003
0.195
0.2
0.207
0.201
0.18899999999999997
0.17700000000000002
0.17400000000000002
0.17600000000000002
0.182
0.18
0.17700000000000002
0.17700000000000002
0.18600000000000003
0.206
0.248
0.244
0.208
0.205
0.208
0.20199999999999999
0.211
0.201
0.18899999999999997
0.191
0.196
0.217
0.22
0.217
0.193
0.184
0.181
0.17500000000000002
0.17600000000000002
0.18600000000000003
0.193
0.196
0.207
0.21899999999999997
0.257
0.251
0.26899999999999996
0.233
0.213
0.208
0.19899999999999998
0.191
0.191
0.191
0.203
0.206
0.27699999999999997
0.473
0.391
0.33899999999999997
0.253
0.22399999999999998
0.20199999999999999
0.188
0.17500000000000002
0.18899999999999997
0.195
0.211
0.233
0.24
0.242
0.231
0.195
0.19399999999999998
0.18600000000000003
0.20199999999999999
0.21
0.211
0.215
0.21
0.193
0.205
0.206
0.204
0.198
0.19
0.187
0.185
0.17900000000000002
0.168
0.16899999999999998
0.16399999999999998
0.155
0.14800000000000002
0.187
0.193
0.168
0.156
0.154
0.14500000000000002
0.15
0.14800000000000002
0.14400000000000002
0.152
0.149
0.152
0.151
0.14500000000000002
0.14200000000000002
0.14300000000000002
0.141
0.138
0.136
0.14
0.14200000000000002
0.14400000000000002
0.14500000000000002
0.15
0.14300000000000002
0.14700000000000002
0.154
0.16399999999999998
0.165
0.16899999999999998
0.16699999999999998
0.17600000000000002
0.191
0.204
0.193
0.191
0.17800000000000002
0.168
0.168
0.165
0.166
0.157
0.16399999999999998
0.17500000000000002
0.193
0.201
0.207
0.19699999999999998
0.193
0.19399999999999998
0.19399999999999998
0.18
0.16899999999999998
0.165
0.163
0.184
0.163
0.19899999999999998
0.181
0.166
0.158
0.153
0.15
0.14800000000000002
0.152
0.14800000000000002
0.14500000000000002
0.14700000000000002
0.157
0.171
0.162
0.158
0.162
0.163
0.184
0.16699999999999998
0.16399999999999998
0.17400000000000002
0.17900000000000002
0.182
0.17500000000000002
0.17600000000000002
0.168
0.16699999999999998
0.165
0.154
0.14500000000000002
0.14700000000000002
0.14600000000000002
0.162
0.154
0.158
0.17400000000000002
0.19
0.17900000000000002
0.163
0.168
0.159
0.16699999999999998
0.16
0.153
0.156
0.165
0.17500000000000002
0.193
0.263
0.29200000000000004
0.256
0.34800000000000003
0.377
0.25
0.18899999999999997
0.157
0.14700000000000002
0.14600000000000002
0.159
0.16899999999999998
0.18899999999999997
0.17700000000000002
0.172
0.17600000000000002
0.168
0.161
0.16899999999999998
0.168
0.163
0.163
0.166
0.17600000000000002
0.188
0.18600000000000003
0.17
0.156
0.152
0.151
0.14800000000000002
0.14400000000000002
0.14300000000000002
0.14
0.153
0.14700000000000002
0.158
0.154
0.151
0.14600000000000002
0.153
0.14200000000000002
0.14300000000000002
0.14200000000000002
0.14200000000000002
0.149
0.149
0.151
0.155
0.16399999999999998
0.168
0.14600000000000002
0.187
0.184
0.162
0.155
0.153
0.155
0.14500000000000002
0.15
0.156
0.19899999999999998
0.163
0.16899999999999998
0.161
0.152
0.159
0.171
0.17600000000000002
0.16699999999999998
0.171
0.161
0.16699999999999998
0.185
0.17600000000000002
0.14700000000000002
0.14800000000000002
0.14400000000000002
0.14600000000000002
0.152
0.158
0.163
0.159
0.165
0.168
0.17
0.17600000000000002
0.17800000000000002
0.17500000000000002
0.172
0.155
0.154
0.152
0.152
0.157
0.152
0.151
0.15
0.154
0.156
0.14600000000000002
0.14700000000000002
0.14400000000000002
0.14700000000000002
0.14600000000000002
0.149
0.154
0.172
0.159
0.152
0.155
0.154
0.14800000000000002
0.154
0.16
0.158
0.166
0.16699999999999998
0.155
0.15
0.14200000000000002
0.139
0.139
0.141
0.13699999999999998
0.14200000000000002
0.139
0.141
0.14200000000000002
0.14300000000000002
0.158
0.16699999999999998
0.16699999999999998
0.155
0.14600000000000002
0.14700000000000002
0.149
0.159
0.149
0.14400000000000002
0.162
0.153
0.16699999999999998
0.208
0.249
0.373
0.311
0.379
0.4290000000000001
0.424
0.39299999999999996
0.315
0.239
0.27399999999999997
0.43799999999999994
0.431
0.237
0.18600000000000003
0.161
0.16399999999999998
0.16699999999999998
0.156
0.14200000000000002
0.15
0.14700000000000002
0.151
0.163
0.192
0.244
0.205
0.21600000000000003
0.215
0.302
0.273
0.275
0.248
0.21
0.218
0.253
0.28300000000000003
0.34700000000000003
0.233
0.158
0.152
0.14700000000000002
0.14500000000000002
0.151
0.133
0.138
0.14600000000000002
0.152
0.331
0.27699999999999997
0.301
0.547
0.36
0.213
0.14
0.132
0.134
0.138
0.149
0.21
0.17900000000000002
0.149
0.181
0.14300000000000002
0.14300000000000002
0.14400000000000002
0.14400000000000002
0.153
0.157
0.165
0.188
0.2
0.19899999999999998
0.16899999999999998
0.152
0.14800000000000002
0.14700000000000002
0.14600000000000002
0.14400000000000002
0.14400000000000002
0.13699999999999998
0.14200000000000002
0.15
0.152
0.15
0.15
0.149
0.157
0.156
0.155
0.157
0.16899999999999998
0.171
0.158
0.158
0.163
0.158
0.151
0.149
0.149
0.14600000000000002
0.14400000000000002
0.14800000000000002
0.151
0.149
0.153
0.155
0.152
0.149
0.153
0.163
0.161
0.16399999999999998
0.163
0.16899999999999998
0.16699999999999998
0.17500000000000002
0.187
0.19699999999999998
0.18899999999999997
0.18
0.17500000000000002
0.173
0.161
0.156
0.157
0.153
0.13699999999999998
0.14600000000000002
0.16399999999999998
0.22
0.24700000000000005
0.157
0.14300000000000002
0.14200000000000002
0.222
0.17400000000000002
0.14200000000000002
0.157
0.17700000000000002
0.17400000000000002
0.157
0.14500000000000002
0.14200000000000002
0.135
0.136
0.141
0.135
0.14
0.14
0.141
0.22
0.138
0.152
0.166
0.182
0.153
0.14300000000000002
0.14
0.14
0.139
0.14
0.14500000000000002
0.14800000000000002
0.14500000000000002
0.159
0.196
0.21899999999999997
0.204
0.181
0.151
0.138
0.14200000000000002
0.27899999999999997
0.14400000000000002
0.161
0.209
0.17500000000000002
0.20199999999999999
0.17600000000000002
0.17700000000000002
0.14800000000000002
0.14500000000000002
0.149
0.14500000000000002
0.14400000000000002
0.139
0.141
0.151
0.172
0.33
0.314
0.248
0.204
0.2
0.187
0.154
0.14400000000000002
0.14200000000000002
0.14600000000000002
0.159
0.16699999999999998
0.195
0.201
0.258
0.22899999999999998
0.168
0.165
0.183
0.217
0.166
0.171
0.172
0.181
0.185
0.155
0.152
0.149
0.14200000000000002
0.135
0.139
0.14400000000000002
0.136
0.136
0.14200000000000002
0.154
0.171
0.158
0.14600000000000002
0.14800000000000002
0.17
0.162
0.16
0.17
0.17
0.17700000000000002
0.162
0.157
0.154
0.152
0.155
0.157
0.155
0.149
0.15
0.14700000000000002
0.14400000000000002
0.141
0.14400000000000002
0.14800000000000002
0.14200000000000002
0.14600000000000002
0.14700000000000002
0.14200000000000002
0.149
0.152
0.16
0.14600000000000002
0.14800000000000002
0.157
0.17600000000000002
0.257
0.255
0.211
0.198
0.17
0.149
0.14200000000000002
0.138
0.136
0.135
0.14
0.141
0.151
0.16
0.15
0.14500000000000002
0.14400000000000002
0.14300000000000002
0.14
0.14400000000000002
0.153
0.161
0.158
0.173
0.17700000000000002
0.17400000000000002
0.16899999999999998
0.14400000000000002
0.14600000000000002
0.139
0.133
0.131
0.138
0.135
0.141
0.157
0.155
0.152
0.15
0.139
0.136
0.154
0.14200000000000002
0.14500000000000002
0.153
0.154
0.172
0.188
0.211
0.151
0.198
0.208
0.193
0.17400000000000002
0.185
0.181
0.161
0.207
0.271
0.392
0.35900000000000004
0.415
0.262
0.34700000000000003
0.242
0.155
0.14800000000000002
0.15
0.15
0.15
0.153
0.16399999999999998
0.257
0.222
0.233
0.208
0.244
0.421
0.312
0.21899999999999997
0.263
0.29500000000000004
0.33799999999999997
0.535
0.95
0.531
0.23
0.159
0.153
0.153
0.154
0.14700000000000002
0.157
0.161
0.162
0.17700000000000002
0.172
0.158
0.14800000000000002
0.154
0.161
0.162
0.15
0.14400000000000002
0.139
0.138
0.14200000000000002
0.14700000000000002
0.17
0.17400000000000002
0.161
0.152
0.158
0.157
0.157
0.16
0.157
0.16699999999999998
0.16899999999999998
0.188
0.198
0.184
0.17900000000000002
0.14600000000000002
0.141
0.14600000000000002
0.14500000000000002
0.14300000000000002
0.14400000000000002
0.14800000000000002
0.151
0.17600000000000002
0.191
0.28300000000000003
0.183
0.14300000000000002
0.168
0.153
0.162
0.157
0.155
0.16899999999999998
0.17900000000000002
0.20199999999999999
0.201
0.195
0.182
0.17500000000000002
0.16
0.161
0.16699999999999998
0.17400000000000002
0.16899999999999998
0.16699999999999998
0.168
0.17
0.17700000000000002
0.172
0.192
0.21
0.198
0.2
0.19699999999999998
0.213
0.187
0.166
0.161
0.165
0.151
0.139
0.14300000000000002
0.139
0.14500000000000002
0.14200000000000002
0.14300000000000002
0.29700000000000004
0.165
0.139
0.141
0.14700000000000002
0.14600000000000002
0.15
0.157
0.16399999999999998
0.161
0.159
0.155
0.155
0.156
0.14800000000000002
0.16399999999999998
0.239
0.209
0.192
0.16899999999999998
0.156
0.155
0.17700000000000002
0.196
0.213
0.24
0.248
0.26899999999999996
0.245
0.258
0.192
0.17800000000000002
0.163
0.161
0.154
0.157
0.161
0.17
0.183
0.223
0.26899999999999996
0.305
0.342
0.259
0.22699999999999998
0.193
0.17900000000000002
0.222
0.24700000000000005
0.263
0.273
0.171
0.34500000000000003
0.373
0.407
0.29700000000000004
0.246
0.188
0.16899999999999998
0.153
0.152
0.163
0.19399999999999998
0.27
0.22899999999999998
0.173
0.16
0.152
0.14800000000000002
0.14600000000000002
0.14600000000000002
0.141
0.14400000000000002
0.14600000000000002
0.154
0.166
0.17700000000000002
0.205
0.18899999999999997
0.17800000000000002
0.14400000000000002
0.14
0.14600000000000002
0.14200000000000002
0.151
0.152
0.158
0.21
0.23
0.273
0.3
0.27899999999999997
0.326
0.307
0.215
0.218
0.16
0.14800000000000002
0.173
0.17900000000000002
0.2
0.191
0.16899999999999998
0.163
0.166
0.172
0.173
0.16899999999999998
0.168
0.17400000000000002
0.19
0.188
0.19
0.18899999999999997
0.188
0.188
0.17700000000000002
0.17500000000000002
0.17500000000000002
0.173
0.17
0.171
0.17
0.17800000000000002
0.184
0.18600000000000003
0.18600000000000003
0.19699999999999998
0.235
0.212
0.17400000000000002
0.16899999999999998
0.166
0.17
0.165
0.16699999999999998
0.162
0.168
0.16899999999999998
0.16399999999999998
0.161
0.163
0.161
0.157
0.156
0.158
0.152
0.151
0.154
0.155
0.16399999999999998
0.15
0.138
0.14
0.14300000000000002
0.14600000000000002
0.14700000000000002
0.14300000000000002
0.152
0.16899999999999998
0.18600000000000003
0.19699999999999998
0.204
0.17400000000000002
0.16
0.161
0.17
0.14700000000000002
0.14500000000000002
0.14700000000000002
0.15
0.15
0.162
0.163
0.172
0.173
0.161
0.162
0.159
0.161
0.158
0.16
0.191
0.213
0.188
0.161
0.152
0.14
0.139
0.135
0.135
0.14300000000000002
0.13699999999999998
0.125
0.13
0.139
0.135
0.136
0.13
0.133
0.13699999999999998
0.138
0.14300000000000002
0.14600000000000002
0.14800000000000002
0.153
0.14800000000000002
0.14600000000000002
0.14700000000000002
0.14600000000000002
0.14200000000000002
0.135
0.139
0.155
0.215
0.149
0.14
0.14300000000000002
0.151
0.17400000000000002
0.172
0.153
0.14800000000000002
0.15
0.156
0.165
0.16
0.163
0.16899999999999998
0.16699999999999998
0.17500000000000002
0.17500000000000002
0.16899999999999998
0.168
0.16699999999999998
0.16899999999999998
0.15
0.138
0.135
0.129
0.126
0.131
0.141
0.168
0.20199999999999999
0.16899999999999998
0.185
0.17500000000000002
0.156
0.068
0.057
0.11
0.152
0.156
0.17
0.20199999999999999
0.243
0.22399999999999998
0.211
0.206
0.195
0.14600000000000002
0.127
0.12
0.113
0.079
0.07
0.07
0.068
0.033
0.052000000000000005
0.02
0.08
0.066
0.05
0.04
0.028999999999999998
0.027999999999999997
0.02
0.027000000000000003
0.055
0.136
0.18
0.17500000000000002
0.083
0.028999999999999998
0.10099999999999999
0.095
0.08800000000000001
0.08
0.076
0.07300000000000001
0.066
0.07200000000000001
0.07200000000000001
0.083
0.067
0.063
0.06
0.051
0.052000000000000005
0.05
0.036000000000000004
0.044
0.04
0.055999999999999994
0.09300000000000001
0.076
0.038
0.068
0.122
0.12
0.114
0.096
0.085
0.09699999999999999
0.08
0.077
0.08800000000000001
0.13699999999999998
0.08700000000000001
0.067
0.065
0.059
0.063
0.055
0.055
0.051
0.059
0.054000000000000006
0.055
0.040999999999999995
0.035
0.043
0.105
0.092
0.09
0.085
0.085
0.08
0.078
0.08
0.08800000000000001
0.107
0.084
0.131
0.091
0.08700000000000001
0.14800000000000002
0.156
0.166
0.165
0.13699999999999998
0.129
0.13
0.08600000000000001
0.126
0.13
0.123
0.115
0.11599999999999999
0.11599999999999999
0.11199999999999999
0.115
0.127
0.127
0.135
0.138
0.14400000000000002
0.138
0.135
0.134
0.132
0.13
0.122
0.156
0.23399999999999999
0.225
0.166
0.104
0.20199999999999999
0.3
0.22399999999999998
0.152
0.12
0.11699999999999999
0.109
0.104
0.1
0.10099999999999999
0.109
0.103
0.103
0.098
0.098
0.1
0.103
0.106
0.105
0.12
0.09300000000000001
0.09
0.09699999999999999
0.128
0.21899999999999997
0.195
0.22899999999999998
0.228
0.14700000000000002
0.171
0.182
0.171
0.14200000000000002
0.14200000000000002
0.14600000000000002
0.141
0.128
0.139
0.204
0.172
0.134
0.122
0.128
0.135
0.14400000000000002
0.141
0.133
0.08199999999999999
0.124
0.123
0.111
0.11199999999999999
0.152
0.109
0.105
0.102
0.119
0.13699999999999998
0.195
0.151
0.14600000000000002
0.151
0.165
0.165
0.198
0.221
0.192
0.173
0.106
0.14800000000000002
0.134
0.135
0.139
0.13699999999999998
0.127
0.127
0.136
0.132
0.166
0.249
0.228
0.14800000000000002
0.126
0.12
0.122
0.125
0.13699999999999998
0.135
0.17500000000000002
0.305
0.632
0.433
0.08600000000000001
0.128
0.121
0.127
0.136
0.127
0.121
0.122
0.114
0.127
0.154
0.14800000000000002
0.127
0.12
0.10800000000000001
0.099
0.09699999999999999
0.09699999999999999
0.099
0.102
0.113
0.135
0.109
0.102
0.068
0.113
0.104
0.1
0.099
0.107
0.106
0.10099999999999999
0.10099999999999999
0.10800000000000001
0.128
0.135
0.131
0.134
0.13
0.12
0.121
0.124
0.124
0.127
0.126
0.121
0.122
0.118
0.08800000000000001
0.15
0.136
0.13699999999999998
0.138
0.141
0.141
0.14200000000000002
0.14400000000000002
0.149
0.159
0.17900000000000002
0.18600000000000003
0.18
0.16899999999999998
0.17
0.17500000000000002
0.187
0.206
0.204
0.245
0.395
0.6509999999999999
0.436
0.324
0.28300000000000003
0.317
0.29
0.193
0.159
0.163
0.156
0.168
0.152
0.166
0.214
0.192
0.18
0.17500000000000002
0.17800000000000002
0.187
0.17600000000000002
0.17500000000000002
0.161
0.168
0.29600000000000004
0.33899999999999997
0.28600000000000003
0.132
0.16399999999999998
0.14400000000000002
0.138
0.135
0.132
0.128
0.125
0.129
0.14200000000000002
0.14700000000000002
0.165
0.158
0.156
0.14700000000000002
0.156
0.154
0.158
0.16
0.168
0.17800000000000002
0.184
0.166
0.156
0.103
0.159
0.151
0.15
0.14800000000000002
0.14700000000000002
0.14800000000000002
0.149
0.155
0.165
0.17600000000000002
0.192
0.19899999999999998
0.191
0.18
0.19
0.192
0.19699999999999998
0.193
0.207
0.215
0.241
0.23
0.20199999999999999
0.105
0.141
0.159
0.203
0.168
0.27899999999999997
0.162
0.14600000000000002
0.131
0.132
0.14800000000000002
0.17
0.17400000000000002
0.17
0.171
0.171
0.16899999999999998
0.16699999999999998
0.171
0.17600000000000002
0.205
0.214
0.35900000000000004
0.184
0.118
0.19399999999999998
0.23199999999999998
0.211
0.22899999999999998
0.188
0.17
0.152
0.161
0.161
0.171
0.188
0.195
0.158
0.157
0.161
0.16899999999999998
0.172
0.172
0.17400000000000002
0.17900000000000002
0.17600000000000002
0.16899999999999998
0.163
0.096
0.129
0.132
0.138
0.14
0.139
0.14200000000000002
0.14300000000000002
0.14400000000000002
0.152
0.166
0.187
0.187
0.19699999999999998
0.18
0.17
0.166
0.171
0.17500000000000002
0.188
0.171
0.172
0.16
0.104
0.152
0.149
0.14300000000000002
0.149
0.14500000000000002
0.151
0.14800000000000002
0.14500000000000002
0.161
0.163
0.192
0.18600000000000003
0.157
0.157
0.157
0.163
0.16399999999999998
0.165
0.16699999999999998
0.166
0.171
0.172
0.17400000000000002
0.111
0.16399999999999998
0.17600000000000002
0.149
0.155
0.151
0.155
0.156
0.16
0.181
0.16899999999999998
0.191
0.18899999999999997
0.183
0.17600000000000002
0.168
0.152
0.16
0.155
0.159
0.19899999999999998
0.235
0.278
0.29400000000000004
0.14600000000000002
0.18899999999999997
0.168
0.14500000000000002
0.14200000000000002
0.14400000000000002
0.157
0.14700000000000002
0.14400000000000002
0.14400000000000002
0.173
0.218
0.23399999999999999
0.181
0.16399999999999998
0.17400000000000002
0.17500000000000002
0.17
0.17
0.213
0.22699999999999998
0.262
0.22399999999999998
0.205
0.1
0.128
0.268
0.17700000000000002
0.125
0.207
0.156
0.131
0.171
0.201
0.17500000000000002
0.184
0.16399999999999998
0.14800000000000002
0.149
0.14700000000000002
0.14300000000000002
0.14200000000000002
0.14800000000000002
0.153
0.19699999999999998
0.203
0.17
0.16
0.11699999999999999
0.149
0.156
0.155
0.152
0.159
0.206
0.19
0.156
0.163
0.195
0.19
0.138
0.13699999999999998
0.14700000000000002
0.149
0.158
0.157
0.163
0.17500000000000002
0.17400000000000002
0.17400000000000002
0.17600000000000002
0.11199999999999999
0.152
0.173
0.19899999999999998
0.14800000000000002
0.135
0.304
0.119
0.136
0.5539999999999999
0.266
0.264
0.276
0.201
0.171
0.159
0.14600000000000002
0.139
0.141
0.14700000000000002
0.182
0.158
0.14600000000000002
0.149
0.08800000000000001
0.10800000000000001
0.111
0.111
0.113
0.099
0.098
0.094
0.095
0.106
0.12
0.154
0.17800000000000002
0.134
0.118
0.11699999999999999
0.133
0.131
0.131
0.139
0.154
0.246
0.151
0.14800000000000002
0.109
0.14500000000000002
0.136
0.141
0.136
0.135
0.136
0.136
0.136
0.21
0.15
0.14800000000000002
0.159
0.14800000000000002
0.14300000000000002
0.14700000000000002
0.153
0.16
0.166
0.16899999999999998
0.20199999999999999
0.473
0.541
0.956
0.627
0.516
0.21
0.168
0.173
0.154
0.16899999999999998
0.149
0.157
0.28900000000000003
0.366
0.36
0.48
0.36700000000000005
0.29600000000000004
0.29200000000000004
0.261
0.309
0.235
0.208
0.374
0.33899999999999997
0.226
0.213
0.131
0.17600000000000002
0.16399999999999998
0.14700000000000002
0.14
0.139
0.14400000000000002
0.152
0.151
0.16
0.16899999999999998
0.192
0.185
0.183
0.159
0.159
0.163
0.158
0.168
0.17700000000000002
0.185
0.198
0.192
0.207
0.132
0.12
0.109
0.10800000000000001
0.10800000000000001
0.11599999999999999
0.114
0.11599999999999999
0.118
0.16
0.141
0.17700000000000002
0.168
0.166
0.14400000000000002
0.133
0.133
0.14300000000000002
0.35800000000000004
0.29200000000000004
0.192
0.17600000000000002
0.154
0.208
0.29300000000000004
0.257
0.266
0.192
0.215
0.251
0.14400000000000002
0.14500000000000002
0.159
0.19
0.155
0.139
0.136
0.138
0.14
0.14
0.14200000000000002
0.152
0.17
0.165
0.182
0.18
0.103
0.124
0.124
0.127
0.13
0.133
0.13
0.134
0.136
0.14600000000000002
0.162
0.208
0.191
0.163
0.157
0.157
0.16399999999999998
0.171
0.17400000000000002
0.182
0.253
0.511
0.43
0.381
0.16399999999999998
0.17900000000000002
0.14500000000000002
0.135
0.13
0.126
0.124
0.127
0.132
0.135
0.158
0.2
0.16699999999999998
0.153
0.14600000000000002
0.15
0.157
0.162
0.17400000000000002
0.209
0.258
0.235
0.264
0.21
0.14
0.252
0.31
0.34600000000000003
0.245
0.27699999999999997
0.259
0.243
0.337
0.331
0.43
0.387
0.602
0.515
0.465
0.4920000000000001
0.439
0.218
0.18899999999999997
0.22699999999999998
0.214
0.243
0.22399999999999998
0.19899999999999998
0.125
0.17900000000000002
0.168
0.16699999999999998
0.158
0.161
0.161
0.163
0.221
0.225
0.23199999999999998
0.29
0.235
0.207
0.21
0.205
0.195
0.19699999999999998
0.21
0.218
0.225
0.237
0.237
0.241
0.15
0.211
0.222
0.209
0.212
0.208
0.212
0.208
0.236
0.408
0.4910000000000001
0.649
0.225
0.228
0.192
0.193
0.195
0.17900000000000002
0.17600000000000002
0.2
0.17400000000000002
0.173
0.173
0.163
0.105
0.15
0.141
0.138
0.134
0.135
0.135
0.162
0.14700000000000002
0.16
0.17600000000000002
0.226
0.192
0.166
0.17
0.166
0.168
0.17700000000000002
0.17600000000000002
0.20199999999999999
0.22899999999999998
0.29
0.257
0.217
0.131
0.188
0.17800000000000002
0.158
0.159
0.155
0.155
0.185
0.17700000000000002
0.18600000000000003
0.19399999999999998
0.24700000000000005
0.193
0.17
0.166
0.16699999999999998
0.168
0.16899999999999998
0.172
0.182
0.198
0.201
0.321
0.42
0.191
0.336
0.416
0.5910000000000001
0.237
0.335
0.134
0.133
0.131
0.149
0.161
0.245
0.22
0.17400000000000002
0.165
0.16899999999999998
0.171
0.17800000000000002
0.17700000000000002
0.184
0.203
0.236
0.208
0.195
0.119
0.171
0.165
0.162
0.156
0.158
0.159
0.16699999999999998
0.181
0.17700000000000002
0.205
0.211
0.171
0.171
0.17400000000000002
0.172
0.17800000000000002
0.192
0.225
0.207
0.168
0.156
0.13
0.28200000000000003
0.256
0.33899999999999997
0.20199999999999999
0.424
0.195
0.132
0.138
0.139
0.141
0.14700000000000002
0.152
0.153
0.14300000000000002
0.149
0.151
0.14300000000000002
0.14600000000000002
0.152
0.17400000000000002
0.19899999999999998
0.212
0.19
0.103
0.13699999999999998
0.15
0.134
0.11
0.102
0.103
0.106
0.10800000000000001
0.115
0.128
0.136
0.139
0.141
0.13699999999999998
0.14400000000000002
0.14400000000000002
0.14400000000000002
0.14600000000000002
0.14800000000000002
0.155
0.22
0.32799999999999996
0.337
0.16399999999999998
0.211
0.17500000000000002
0.149
0.14800000000000002
0.128
0.13699999999999998
0.122
0.11199999999999999
0.11599999999999999
0.13
0.158
0.152
0.157
0.16
0.16699999999999998
0.16699999999999998
0.163
0.162
0.16399999999999998
0.17700000000000002
0.152
0.15
0.098
0.138
0.13699999999999998
0.14400000000000002
0.15
0.151
0.182
0.23
0.16399999999999998
0.19
0.214
0.273
0.273
0.204
0.193
0.17800000000000002
0.183
0.172
0.181
0.203
0.21899999999999997
0.28200000000000003
0.23
0.19699999999999998
0.125
0.168
0.16399999999999998
0.16399999999999998
0.163
0.15
0.135
0.127
0.132
0.14500000000000002
0.159
0.184
0.173
0.165
0.16899999999999998
0.182
0.17400000000000002
0.27
0.18
0.181
0.173
0.172
0.104
0.14400000000000002
0.152
0.155
0.156
0.158
0.154
0.17500000000000002
0.16399999999999998
0.16399999999999998
0.207
0.245
0.23
0.207
0.238
0.185
0.173
0.183
0.17600000000000002
0.191
0.23399999999999999
0.195
0.168
0.192
0.10099999999999999
0.161
0.14500000000000002
0.14500000000000002
0.13699999999999998
0.138
0.134
0.138
0.139
0.14600000000000002
0.155
0.183
0.18600000000000003
0.16899999999999998
0.17
0.196
0.183
0.188
0.221
0.24700000000000005
0.213
0.252
0.217
0.19399999999999998
0.11699999999999999
0.16699999999999998
0.172
0.184
0.17600000000000002
0.17700000000000002
0.16
0.14800000000000002
0.192
0.17900000000000002
0.192
0.22899999999999998
0.43799999999999994
0.23199999999999998
0.18600000000000003
0.16
0.16699999999999998
0.157
0.16399999999999998
0.168
0.181
0.214
0.201
0.211
0.161
0.196
0.191
0.225
0.21600000000000003
0.215
0.209
0.22
0.271
0.23199999999999998
0.28300000000000003
0.22
0.22399999999999998
0.22
0.211
0.2
0.204
0.19399999999999998
0.182
0.19399999999999998
0.22899999999999998
0.414
0.531
0.455
0.211
0.238
0.196
0.183
0.17400000000000002
0.162
0.161
0.159
0.16399999999999998
0.17400000000000002
0.198
0.253
0.26
0.2
0.17600000000000002
0.17700000000000002
0.185
0.171
0.22699999999999998
0.34
0.266
0.223
0.106
0.13
0.123
0.115
0.107
0.095
0.09699999999999999
0.307
0.319
0.31
0.138
0.14700000000000002
0.159
0.14
0.14
0.127
0.127
0.122
0.14700000000000002
0.187
0.342
0.44
0.387
0.7080000000000001
0.65
0.8859999999999999
0.4940000000000001
0.256
0.188
0.166
0.151
0.151
0.162
0.17900000000000002
0.17
0.159
0.154
0.154
0.162
0.161
0.154
0.165
0.17600000000000002
0.173
0.173
0.173
0.119
0.184
0.16899999999999998
0.163
0.156
0.159
0.158
0.16399999999999998
0.159
0.16699999999999998
0.17400000000000002
0.195
0.18899999999999997
0.17800000000000002
0.17900000000000002
0.173
0.17
0.171
0.17
0.17700000000000002
0.188
0.191
0.217
0.17600000000000002
0.106
0.14700000000000002
0.14
0.135
0.13
0.128
0.131
0.138
0.155
0.24
0.4890000000000001
0.7759999999999999
0.7090000000000001
0.342
0.21600000000000003
0.193
0.188
0.17500000000000002
0.161
0.17500000000000002
0.16699999999999998
0.18
0.16699999999999998
0.161
0.119
0.157
0.158
0.157
0.16399999999999998
0.165
0.161
0.19399999999999998
0.14500000000000002
0.14800000000000002
0.14700000000000002
0.154
0.166
0.16899999999999998
0.16699999999999998
0.163
0.163
0.14400000000000002
0.157
0.16399999999999998
0.182
0.204
0.27
0.191
0.131
0.182
0.187
0.18
0.171
0.173
0.16699999999999998
0.16
0.155
0.161
0.163
0.19
0.17500000000000002
0.16899999999999998
0.171
0.16899999999999998
0.17500000000000002
0.18
0.17800000000000002
0.17800000000000002
0.188
0.198
0.17
0.165
0.11
0.158
0.173
0.188
0.152
0.154
0.138
0.135
0.139
0.13699999999999998
0.14200000000000002
0.14300000000000002
0.14600000000000002
0.14400000000000002
0.15
0.15
0.152
0.14500000000000002
0.14800000000000002
0.14700000000000002
0.151
0.16399999999999998
0.163
0.161
0.111
0.151
0.151
0.14800000000000002
0.149
0.14500000000000002
0.14300000000000002
0.15
0.14600000000000002
0.155
0.16899999999999998
0.29700000000000004
0.185
0.162
0.154
0.14800000000000002
0.156
0.153
0.15
0.165
0.17900000000000002
0.254
0.23399999999999999
0.203
0.106
0.14
0.14300000000000002
0.133
0.161
0.22
0.19699999999999998
0.17400000000000002
0.172
0.17900000000000002
0.267
0.365
0.275
0.16
0.14300000000000002
0.14
0.141
0.14300000000000002
0.149
0.14800000000000002
0.14400000000000002
0.14600000000000002
0.138
0.139
0.08
0.118
0.118
0.115
0.113
0.11599999999999999
0.119
0.124
0.136
0.14
0.166
0.187
0.17500000000000002
0.182
0.191
0.173
0.155
0.14700000000000002
0.151
0.14800000000000002
0.157
0.191
0.18899999999999997
0.22699999999999998
0.106
0.149
0.14700000000000002
0.149
0.152
0.14700000000000002
0.14200000000000002
0.14300000000000002
0.15
0.166
0.188
0.185
0.163
0.152
0.156
0.158
0.16399999999999998
0.165
0.165
0.195
0.18
0.192
0.17500000000000002
0.109
0.14400000000000002
0.151
0.14500000000000002
0.14800000000000002
0.14400000000000002
0.14700000000000002
0.15
0.149
0.162
0.161
0.166
0.162
0.173
0.163
0.16699999999999998
0.16399999999999998
0.17
0.168
0.162
0.185
0.19399999999999998
0.172
0.17
0.14
0.165
0.156
0.14600000000000002
0.162
0.166
0.153
0.17900000000000002
0.152
0.14300000000000002
0.152
0.18
0.195
0.17800000000000002
0.166
0.165
0.16
0.15
0.154
0.157
0.16699999999999998
0.21
0.19399999999999998
0.18
0.127
0.16
0.163
0.162
