0.217
0.215
0.19
0.19699999999999998
0.208
0.221
0.244
0.233
0.225
0.206
0.23399999999999999
0.208
0.213
0.22699999999999998
0.222
0.26
0.3
0.271
0.241
0.221
0.212
0.21
0.225
0.22399999999999998
0.217
0.22399999999999998
0.223
0.22899999999999998
0.23
0.233
0.23399999999999999
0.238
0.241
0.257
0.243
0.252
0.26
0.256
0.255
0.262
0.268
0.256
0.254
0.252
0.255
0.257
0.27
0.263
0.253
0.255
0.24
0.22699999999999998
0.217
0.21
0.196
0.193
0.208
0.212
0.191
0.193
0.226
0.206
0.2
0.207
0.203
0.208
0.2
0.192
0.196
0.19899999999999998
0.161
0.19699999999999998
0.204
0.23
0.209
0.198
0.188
0.17800000000000002
0.18
0.195
0.214
0.23
0.239
0.252
0.255
0.241
0.23399999999999999
0.239
0.235
0.22899999999999998
0.228
0.223
0.221
0.171
0.19899999999999998
0.212
0.233
0.245
0.256
0.238
0.218
0.209
0.20199999999999999
0.222
0.239
0.24700000000000005
0.265
0.265
0.251
0.252
0.236
0.241
0.248
0.235
0.233
0.22899999999999998
0.21600000000000003
0.23199999999999998
0.233
0.29400000000000004
0.34800000000000003
0.45399999999999996
0.39899999999999997
0.37200000000000005
0.321
0.29
0.276
0.266
0.28300000000000003
0.303
0.379
0.44299999999999995
0.365
0.332
0.336
0.34400000000000003
0.34700000000000003
0.28
0.259
0.209
0.231
0.23399999999999999
0.242
0.24700000000000005
0.241
0.246
0.241
0.235
0.223
0.222
0.225
0.23199999999999998
0.252
0.272
0.275
0.27899999999999997
0.28700000000000003
0.28600000000000003
0.303
0.308
0.28600000000000003
0.278
0.312
0.35100000000000003
0.35400000000000004
0.396
0.37200000000000005
0.311
0.28
0.271
0.262
0.26
0.253
0.257
0.263
0.26
0.266
0.273
0.28200000000000003
0.28200000000000003
0.299
0.308
0.316
0.32
0.33899999999999997
0.3
0.278
0.28400000000000003
0.281
0.28600000000000003
0.28400000000000003
0.29100000000000004
0.306
0.337
0.28700000000000003
0.271
0.26899999999999996
0.27699999999999997
0.278
0.27399999999999997
0.27
0.273
0.27699999999999997
0.27899999999999997
0.28900000000000003
0.28300000000000003
0.27
0.28400000000000003
0.266
0.266
0.278
0.28500000000000003
0.321
0.33
0.34600000000000003
0.317
0.29400000000000004
0.257
0.24700000000000005
0.241
0.23399999999999999
0.23399999999999999
0.243
0.22899999999999998
0.21899999999999997
0.223
0.215
0.213
0.212
0.207
0.20199999999999999
0.19699999999999998
0.207
0.21899999999999997
0.235
0.246
0.27899999999999997
0.24700000000000005
0.228
0.22699999999999998
0.233
0.226
0.228
0.233
0.255
0.335
0.266
0.29600000000000004
0.275
0.28600000000000003
0.266
0.276
0.266
0.249
0.23
0.241
0.259
0.278
0.303
0.28900000000000003
0.271
0.24700000000000005
0.236
0.236
0.228
0.221
0.23399999999999999
0.23199999999999998
0.231
0.222
0.21899999999999997
0.223
0.235
0.22899999999999998
0.211
0.198
0.196
0.21
0.246
0.257
0.28600000000000003
0.31
0.32799999999999996
0.262
0.251
0.276
0.337
0.362
0.319
0.327
0.373
0.386
0.39799999999999996
0.35100000000000003
0.325
0.33
0.337
0.316
0.303
0.3
0.305
0.308
0.302
0.29400000000000004
0.341
0.37200000000000005
0.319
0.304
0.26899999999999996
0.262
0.261
0.273
0.27899999999999997
0.28200000000000003
0.35500000000000004
0.397
0.45899999999999996
0.547
0.47
0.475
0.465
0.5850000000000001
0.5630000000000001
0.5770000000000001
0.645
0.625
0.5940000000000001
0.4940000000000001
0.446
0.41
0.337
0.308
0.29700000000000004
0.28800000000000003
0.29
0.402
0.521
0.39799999999999996
0.457
0.44299999999999995
0.4270000000000001
0.45299999999999996
0.405
0.408
0.406
0.34600000000000003
0.314
0.33899999999999997
0.415
0.481
0.527
0.483
0.43
0.529
0.35100000000000003
0.29700000000000004
0.364
0.318
0.29100000000000004
0.312
0.326
0.3
0.3
0.29100000000000004
0.302
0.28300000000000003
0.258
0.259
0.258
0.24700000000000005
0.241
0.26
0.276
0.276
0.281
0.28900000000000003
0.266
0.233
0.24700000000000005
0.243
0.251
0.259
0.256
0.248
0.238
0.22
0.24
0.218
0.217
0.212
0.214
0.211
0.218
0.22899999999999998
0.238
0.263
0.28400000000000003
0.281
0.26
0.254
0.254
0.252
0.254
0.27
0.324
0.337
0.37200000000000005
0.37
0.401
0.34500000000000003
0.33899999999999997
0.321
0.28900000000000003
0.268
0.239
0.243
0.268
0.317
0.35900000000000004
0.365
0.36
0.35400000000000004
0.26899999999999996
0.28500000000000003
0.382
0.28700000000000003
0.307
0.35200000000000004
0.35400000000000004
0.312
0.311
0.307
0.268
0.268
0.278
0.27699999999999997
0.251
0.226
0.238
0.256
0.27699999999999997
0.28600000000000003
0.29200000000000004
0.28800000000000003
0.276
0.308
0.305
0.317
0.314
0.308
0.319
0.335
0.324
0.311
0.312
0.312
0.305
0.298
0.28400000000000003
0.276
0.258
0.264
0.265
0.27399999999999997
0.27699999999999997
0.27399999999999997
0.281
0.29200000000000004
0.29100000000000004
0.304
0.301
0.317
0.336
0.327
0.32899999999999996
0.34500000000000003
0.371
0.371
0.483
0.542
0.449
0.38799999999999996
0.35600000000000004
0.268
0.243
0.23399999999999999
0.23199999999999998
0.23199999999999998
0.235
0.252
0.266
0.245
0.22899999999999998
0.22899999999999998
0.237
0.258
0.28200000000000003
0.29500000000000004
0.32
0.299
0.311
0.3
0.25
0.22
0.223
0.21899999999999997
0.213
0.231
0.244
0.26
0.272
0.28500000000000003
0.313
0.259
0.249
0.26
0.255
0.259
0.257
0.306
0.29
0.298
0.312
0.303
0.28800000000000003
0.238
0.198
0.195
0.2
0.183
0.192
0.196
0.19399999999999998
0.248
0.206
0.204
0.211
0.218
0.208
0.215
0.251
0.245
0.246
0.244
0.238
0.23
0.22399999999999998
0.221
0.21
0.206
0.205
0.203
0.188
0.193
0.193
0.195
0.195
0.19699999999999998
0.19399999999999998
0.188
0.187
0.19399999999999998
0.20199999999999999
0.204
0.205
0.22
0.211
0.208
0.218
0.21600000000000003
0.206
0.208
0.205
0.203
0.20199999999999999
0.192
0.201
0.207
0.203
0.214
0.235
0.212
0.212
0.211
0.231
0.26899999999999996
0.222
0.23199999999999998
0.243
0.22899999999999998
0.225
0.221
0.22
0.21
0.203
0.203
0.207
0.20199999999999999
0.19899999999999998
0.20199999999999999
0.208
0.213
0.22899999999999998
0.21899999999999997
0.226
0.233
0.22899999999999998
0.236
0.242
0.24700000000000005
0.255
0.254
0.27899999999999997
0.266
0.262
0.264
0.26
0.245
0.243
0.243
0.244
0.23
0.22699999999999998
0.217
0.217
0.217
0.215
0.214
0.215
0.211
0.213
0.21600000000000003
0.215
0.222
0.223
0.21600000000000003
0.21
0.207
0.211
0.20199999999999999
0.198
0.19399999999999998
0.20199999999999999
0.20199999999999999
0.18899999999999997
0.2
0.19
0.184
0.184
0.17900000000000002
0.17900000000000002
0.17500000000000002
0.182
0.22399999999999998
0.185
0.18899999999999997
0.184
0.21899999999999997
0.23199999999999998
0.33
0.309
0.418
0.5830000000000001
0.598
0.636
0.469
0.331
0.302
0.319
0.327
0.34400000000000003
0.335
0.318
0.278
0.278
0.275
0.262
0.261
0.299
0.257
0.275
0.281
0.27699999999999997
0.267
0.29200000000000004
0.28900000000000003
0.245
0.22399999999999998
0.226
0.217
0.21600000000000003
0.218
0.225
0.28700000000000003
0.261
0.27699999999999997
0.236
0.231
0.22899999999999998
0.215
0.22
0.22399999999999998
0.23199999999999998
0.238
0.226
0.231
0.207
0.21899999999999997
0.212
0.226
0.21600000000000003
0.217
0.188
0.18600000000000003
0.18600000000000003
0.187
0.184
0.191
0.182
0.183
0.18
0.19699999999999998
0.198
0.196
0.214
0.23199999999999998
0.215
0.207
0.212
0.2
0.198
0.196
0.195
0.20199999999999999
0.201
0.183
0.21
0.23
0.246
0.264
0.235
0.223
0.233
0.23
0.214
0.21
0.21
0.223
0.233
0.22699999999999998
0.236
0.23399999999999999
0.22699999999999998
0.248
0.246
0.239
0.217
0.22399999999999998
0.2
0.22899999999999998
0.255
0.27899999999999997
0.29700000000000004
0.26
0.24
0.22899999999999998
0.226
0.226
0.217
0.22699999999999998
0.22899999999999998
0.235
0.259
0.322
0.407
0.408
0.416
0.512
0.434
0.32899999999999996
0.25
0.231
0.237
0.217
0.21899999999999997
0.228
0.236
0.251
0.258
0.242
0.237
0.239
0.243
0.24700000000000005
0.262
0.302
0.386
0.423
0.473
0.408
0.326
0.28900000000000003
0.258
0.243
0.21600000000000003
0.20199999999999999
0.192
0.19699999999999998
0.203
0.213
0.2
0.19699999999999998
0.203
0.215
0.21
0.211
0.211
0.223
0.244
0.29500000000000004
0.27
0.272
0.255
0.257
0.261
0.261
0.257
0.259
0.26
0.278
0.28
0.29600000000000004
0.35800000000000004
0.322
0.262
0.263
0.262
0.33799999999999997
0.276
0.29700000000000004
0.27399999999999997
0.29200000000000004
0.3
0.28400000000000003
0.275
0.268
0.243
0.233
0.22899999999999998
0.24
0.23399999999999999
0.231
0.23
0.231
0.221
0.22399999999999998
0.22899999999999998
0.225
0.21899999999999997
0.221
0.215
0.217
0.214
0.217
0.208
0.207
0.20199999999999999
0.211
0.22
0.204
0.21600000000000003
0.21
0.208
0.188
0.205
0.212
0.204
0.19899999999999998
0.196
0.192
0.188
0.192
0.203
0.212
0.23
0.22399999999999998
0.23199999999999998
0.223
0.214
0.21600000000000003
0.21899999999999997
0.211
0.21600000000000003
0.21
0.207
0.205
0.17500000000000002
0.207
0.226
0.258
0.263
0.244
0.236
0.23
0.237
0.241
0.248
0.249
0.26899999999999996
0.28800000000000003
0.314
0.331
0.303
0.266
0.243
0.245
0.249
0.241
0.245
0.228
0.235
0.243
0.257
0.275
0.28800000000000003
0.304
0.29500000000000004
0.29100000000000004
0.28700000000000003
0.29300000000000004
0.29500000000000004
0.307
0.33299999999999996
0.478
0.444
0.43799999999999994
0.302
0.255
0.235
0.239
0.242
0.225
0.21899999999999997
0.201
0.19699999999999998
0.201
0.21600000000000003
0.214
0.205
0.19899999999999998
0.19699999999999998
0.201
0.218
0.208
0.226
0.271
0.35600000000000004
0.451
0.44
0.44
0.422
0.35000000000000003
0.342
0.315
0.218
0.17600000000000002
0.184
0.18600000000000003
0.192
0.191
0.198
0.2
0.191
0.196
0.185
0.18899999999999997
0.19
0.196
0.206
0.243
0.251
0.28400000000000003
0.322
0.37
0.39299999999999996
0.368
0.29100000000000004
0.264
0.264
0.265
0.3
0.331
0.34600000000000003
0.29700000000000004
0.24
0.221
0.221
0.225
0.226
0.223
0.231
0.265
0.27
0.27399999999999997
0.241
0.225
0.223
0.22
0.223
0.236
0.221
0.223
0.23399999999999999
0.264
0.259
0.275
0.23399999999999999
0.23
0.242
0.223
0.203
0.19699999999999998
0.203
0.201
0.19399999999999998
0.192
0.195
0.19
0.187
0.18600000000000003
0.18600000000000003
0.19
0.20199999999999999
0.187
0.205
0.223
0.233
0.243
0.243
0.22399999999999998
0.223
0.23399999999999999
0.243
0.235
0.244
0.268
0.298
0.341
1.275
0.799
0.45799999999999996
0.46399999999999997
0.374
0.33799999999999997
0.28800000000000003
0.256
0.226
0.237
0.248
0.257
0.259
0.252
0.25
0.245
0.265
0.28700000000000003
0.306
0.29100000000000004
0.307
0.28800000000000003
0.298
0.29
0.29600000000000004
0.29300000000000004
0.28800000000000003
0.29
0.28800000000000003
0.299
0.34299999999999997
0.374
0.39
0.371
0.369
0.34500000000000003
0.341
0.35300000000000004
0.316
0.32799999999999996
0.302
0.31
0.387
0.311
0.238
0.23199999999999998
0.228
0.212
0.207
0.20199999999999999
0.19
0.19699999999999998
0.212
0.231
0.275
0.396
0.252
0.228
0.233
0.238
0.23
0.226
0.236
0.248
0.306
0.389
0.456
0.5640000000000001
0.63
0.596
0.628
0.627
0.632
0.6950000000000001
0.752
0.6970000000000001
0.618
0.511
0.361
0.268
0.23199999999999998
0.217
0.221
0.236
0.22399999999999998
0.22399999999999998
0.225
0.23
0.225
0.222
0.21899999999999997
0.222
0.221
0.228
0.24
0.243
0.244
0.258
0.273
0.29
0.304
0.304
0.3
0.312
0.32299999999999995
0.35700000000000004
0.302
0.306
0.306
0.335
0.325
0.32
0.306
0.258
0.245
0.2
0.203
0.196
0.193
0.205
0.235
0.313
0.34700000000000003
0.341
0.391
0.406
0.366
0.32899999999999996
0.24
0.223
0.204
0.217
0.237
0.313
0.331
0.304
0.299
0.307
0.322
0.318
0.34600000000000003
0.326
0.37200000000000005
0.371
0.319
0.335
0.401
0.384
0.35300000000000004
0.544
0.29
0.27
0.268
0.266
0.29
0.342
0.281
0.35300000000000004
0.242
0.211
0.19899999999999998
0.187
0.187
0.19
0.187
0.17700000000000002
0.181
0.18600000000000003
0.192
0.193
0.18600000000000003
0.188
0.188
0.187
0.192
0.191
0.192
0.20199999999999999
0.204
0.198
0.18899999999999997
0.183
0.185
0.184
0.183
0.18600000000000003
0.182
0.18600000000000003
0.17700000000000002
0.183
0.18600000000000003
0.182
0.187
0.187
0.19
0.192
0.18899999999999997
0.198
0.19699999999999998
0.196
0.2
0.20199999999999999
0.208
0.206
0.203
0.21
0.211
0.201
0.19399999999999998
0.196
0.196
0.171
0.204
0.20199999999999999
0.203
0.20199999999999999
0.204
0.204
0.416
0.204
0.213
0.221
0.223
0.231
0.237
0.246
0.249
0.243
0.238
0.242
0.239
0.23
0.221
0.22699999999999998
0.208
0.215
0.21899999999999997
0.22699999999999998
0.23
0.238
0.21899999999999997
0.211
0.204
0.201
0.209
0.211
0.214
0.22
0.23199999999999998
0.253
0.301
0.39899999999999997
0.391
0.39399999999999996
0.36
0.34
0.28
0.272
0.261
0.299
0.35000000000000003
0.32299999999999995
0.278
0.246
0.23
0.226
0.22
0.221
0.228
0.237
0.253
0.267
0.27899999999999997
0.27
0.26899999999999996
0.258
0.26899999999999996
0.266
0.261
0.258
0.266
0.248
0.26
0.29500000000000004
0.251
0.244
0.236
0.235
0.242
0.236
0.23399999999999999
0.228
0.21899999999999997
0.212
0.211
0.206
0.19899999999999998
0.19699999999999998
0.2
0.19899999999999998
0.18899999999999997
0.196
0.196
0.19699999999999998
0.198
0.209
0.204
0.20199999999999999
0.21
0.21
0.211
0.218
0.237
0.24
0.25
0.236
0.22899999999999998
0.222
0.21600000000000003
0.211
0.204
0.207
0.204
0.19
0.206
0.207
0.217
0.23399999999999999
0.21899999999999997
0.213
0.21
0.196
0.20199999999999999
0.2
0.196
0.19699999999999998
0.196
0.19399999999999998
0.19899999999999998
0.213
0.214
0.212
0.221
0.21899999999999997
0.236
0.217
0.184
0.198
0.22399999999999998
0.485
0.28600000000000003
0.214
0.255
0.28900000000000003
0.281
0.256
0.254
0.256
0.251
0.255
0.255
0.24700000000000005
0.25
0.256
0.255
0.252
0.245
0.236
0.24
0.222
0.23199999999999998
0.231
0.235
0.245
0.242
0.242
0.253
0.251
0.245
0.24700000000000005
0.245
0.248
0.248
0.248
0.25
0.255
0.261
0.27
0.272
0.272
0.265
0.261
0.24700000000000005
0.252
0.252
0.255
0.263
0.263
0.268
0.268
0.272
0.255
0.261
0.27
0.29
0.29100000000000004
0.29300000000000004
0.302
0.316
0.298
0.29
0.27899999999999997
0.262
0.252
0.252
0.238
0.238
0.239
0.251
0.253
0.24700000000000005
0.29100000000000004
0.244
0.235
0.244
0.243
0.245
0.246
0.233
0.252
0.248
0.203
0.205
0.205
0.19399999999999998
0.185
0.17800000000000002
0.18899999999999997
0.18899999999999997
0.195
0.20199999999999999
0.19699999999999998
0.19399999999999998
0.188
0.185
0.191
0.187
0.19399999999999998
0.19699999999999998
0.208
0.205
0.2
0.20199999999999999
0.205
0.201
0.19899999999999998
0.19899999999999998
0.207
0.213
0.184
0.19699999999999998
0.19399999999999998
0.2
0.201
0.19699999999999998
0.19899999999999998
0.2
0.201
0.206
0.204
0.212
0.21899999999999997
0.225
0.214
0.22399999999999998
0.23199999999999998
0.223
0.221
0.22
0.213
0.214
0.21
0.187
0.204
0.204
0.208
0.212
0.212
0.208
0.19899999999999998
0.195
0.18600000000000003
0.184
0.173
0.171
0.191
0.191
0.181
0.185
0.19
0.191
0.185
0.182
0.185
0.18
0.162
0.168
0.17
0.172
0.172
0.17800000000000002
0.17700000000000002
0.17700000000000002
0.17900000000000002
0.18899999999999997
0.195
0.193
0.201
0.203
0.195
0.19899999999999998
0.208
0.218
0.212
0.211
0.218
0.209
0.204
0.205
0.21
0.213
0.203
0.2
0.204
0.228
0.209
0.209
0.215
0.226
0.218
0.22
0.21899999999999997
0.223
0.23399999999999999
0.253
0.28500000000000003
0.314
0.32799999999999996
0.312
0.28300000000000003
0.29
0.251
0.261
0.278
0.27399999999999997
0.249
0.245
0.241
0.237
0.226
0.237
0.259
0.266
0.264
0.268
0.275
0.27399999999999997
0.262
0.259
0.26
0.254
0.25
0.24700000000000005
0.213
0.23
0.233
0.246
0.233
0.22
0.217
0.23199999999999998
0.21899999999999997
0.214
0.209
0.20199999999999999
0.19699999999999998
0.19699999999999998
0.20199999999999999
0.204
0.208
0.249
0.306
0.254
0.29400000000000004
0.305
0.3
0.281
0.3
0.305
0.34900000000000003
0.33799999999999997
0.317
0.29200000000000004
0.24
0.235
0.23
0.225
0.226
0.223
0.221
0.221
0.25
0.302
0.312
0.32299999999999995
0.309
0.303
0.29300000000000004
0.28800000000000003
0.241
0.32899999999999996
0.414
0.488
0.441
0.38
0.314
0.28700000000000003
0.28500000000000003
0.256
0.244
0.248
0.281
0.29
0.271
0.312
0.392
0.29700000000000004
0.29700000000000004
0.28700000000000003
0.266
0.256
0.263
0.238
0.258
0.278
0.302
0.311
0.28900000000000003
0.267
0.27
0.266
0.27399999999999997
0.266
0.259
0.262
0.27399999999999997
0.259
0.262
0.259
0.265
0.257
0.249
0.249
0.24700000000000005
0.253
0.29500000000000004
0.305
0.516
0.523
0.5910000000000001
0.39299999999999996
0.27
0.252
0.236
0.225
0.226
0.222
0.22899999999999998
0.23
0.23199999999999998
0.23199999999999998
0.222
0.213
0.209
0.203
0.2
0.20199999999999999
0.204
0.18899999999999997
0.203
0.20199999999999999
0.204
0.203
0.203
0.205
0.206
0.209
0.21600000000000003
0.223
0.223
0.22699999999999998
0.23
0.22699999999999998
0.25
0.276
0.255
0.275
0.278
0.28
0.261
0.245
0.221
0.22699999999999998
0.225
0.22399999999999998
0.231
0.237
0.242
0.244
0.241
0.241
0.25
0.25
0.24700000000000005
0.255
0.266
0.28500000000000003
0.386
0.4290000000000001
0.41
0.422
0.439
0.451
0.47
0.29400000000000004
0.252
0.228
0.207
0.195
0.192
0.184
0.185
0.185
0.183
0.18600000000000003
0.17900000000000002
0.17700000000000002
0.18
0.183
0.191
0.266
0.34800000000000003
0.24700000000000005
0.23
0.25
0.215
0.203
0.181
0.19899999999999998
0.198
0.19
0.183
0.182
0.17500000000000002
0.17600000000000002
0.168
0.168
0.16699999999999998
0.171
0.171
0.181
0.182
0.182
0.183
0.20199999999999999
0.213
0.21899999999999997
0.222
0.213
0.212
0.208
0.273
0.244
0.501
0.28900000000000003
0.24
0.22399999999999998
0.228
0.22399999999999998
0.21899999999999997
0.23
0.22899999999999998
0.237
0.238
0.236
0.239
0.244
0.246
0.23399999999999999
0.23399999999999999
0.236
0.231
0.236
0.225
0.258
0.262
0.267
0.272
0.256
0.252
0.257
0.253
0.257
0.262
0.27
0.273
0.266
0.273
0.27699999999999997
0.273
0.266
0.26
0.254
0.26
0.255
0.253
0.236
0.245
0.255
0.265
0.261
0.252
0.259
0.249
0.246
0.242
0.235
0.237
0.236
0.23399999999999999
0.235
0.228
0.221
0.22399999999999998
0.225
0.223
0.21600000000000003
0.214
0.214
0.204
0.21600000000000003
0.213
0.213
0.211
0.211
0.218
0.213
0.21600000000000003
0.22
0.221
0.22
0.215
0.217
0.22399999999999998
0.223
0.22899999999999998
0.22399999999999998
0.225
0.22
0.22399999999999998
0.21899999999999997
0.21899999999999997
0.203
0.21
0.22399999999999998
0.208
0.208
0.205
0.203
0.205
0.208
0.21
0.211
0.209
0.214
0.215
0.217
0.222
0.209
0.204
0.204
0.201
0.21899999999999997
0.21899999999999997
0.213
0.228
0.255
0.253
0.28800000000000003
0.18600000000000003
0.172
0.166
0.172
0.168
0.17800000000000002
0.193
0.236
0.34500000000000003
0.40299999999999997
0.249
0.201
0.211
0.206
0.22899999999999998
0.306
0.27899999999999997
0.27699999999999997
0.24700000000000005
0.243
0.241
0.24700000000000005
0.257
0.246
0.32899999999999996
0.46
0.529
0.597
0.633
0.532
0.45799999999999996
0.452
0.475
0.34299999999999997
0.327
0.45
0.38
0.414
0.35900000000000004
0.609
0.27899999999999997
0.264
0.27399999999999997
0.265
0.27
0.266
0.263
0.28500000000000003
0.302
0.281
0.251
0.252
0.251
0.248
0.25
0.231
0.25
0.259
0.262
0.264
0.276
0.256
0.244
0.244
0.25
0.249
0.253
0.257
0.28800000000000003
0.264
0.273
0.254
0.258
0.24700000000000005
0.241
0.239
0.24
0.242
0.23199999999999998
0.246
0.271
0.241
0.268
0.245
0.254
0.257
0.251
0.242
0.255
0.249
0.236
0.241
0.267
0.259
0.316
0.314
0.34400000000000003
0.555
0.7030000000000001
0.7010000000000001
0.7879999999999999
0.7709999999999999
0.8079999999999999
0.8390000000000001
0.9059999999999999
0.78
0.43200000000000005
0.332
0.24
0.217
0.21899999999999997
0.22
0.226
0.22899999999999998
0.237
0.241
0.256
0.40399999999999997
0.5529999999999999
0.654
0.777
0.89
0.679
0.5730000000000001
0.29100000000000004
0.305
0.33
0.322
0.281
0.28200000000000003
0.28800000000000003
0.272
0.267
0.27899999999999997
0.271
0.273
0.26899999999999996
0.27399999999999997
0.29100000000000004
0.29200000000000004
0.29200000000000004
0.299
0.29700000000000004
0.29
0.29100000000000004
0.28700000000000003
0.28700000000000003
0.281
0.28700000000000003
0.29400000000000004
0.29600000000000004
0.298
0.301
0.27899999999999997
0.276
0.27899999999999997
0.276
0.271
0.268
0.27
0.27
0.271
0.266
0.259
0.258
0.256
0.255
0.25
0.243
0.244
0.235
0.25
0.275
0.28300000000000003
0.254
0.233
0.22399999999999998
0.21899999999999997
0.223
0.22399999999999998
0.217
0.217
0.215
0.223
0.231
0.239
0.266
0.29500000000000004
0.256
0.27
0.318
0.29
0.39899999999999997
0.265
0.267
0.267
0.255
0.249
0.24700000000000005
0.245
0.237
0.238
0.246
0.242
0.233
0.22699999999999998
0.233
0.231
0.242
0.29400000000000004
0.28500000000000003
0.255
0.275
0.254
0.24
0.24
0.231
0.252
0.265
0.271
0.24700000000000005
0.235
0.238
0.228
0.22699999999999998
0.222
0.221
0.21899999999999997
0.218
0.226
0.23
0.231
0.258
0.28
0.471
0.316
0.28900000000000003
0.406
0.43799999999999994
0.52
0.643
0.615
1.286
0.927
0.418
0.28300000000000003
0.275
0.245
0.238
0.24
0.244
0.25
0.252
0.252
0.258
0.268
0.273
0.281
0.27699999999999997
0.27899999999999997
0.276
0.281
0.266
0.27699999999999997
0.28400000000000003
0.28900000000000003
0.301
0.29
0.29300000000000004
0.306
0.316
0.322
0.32
0.322
0.32
0.326
0.337
0.35900000000000004
0.365
0.371
0.366
0.35000000000000003
0.34
0.33399999999999996
0.324
0.312
0.337
0.34700000000000003
0.309
0.28500000000000003
0.298
0.28200000000000003
0.29200000000000004
0.28400000000000003
0.28
0.27699999999999997
0.28
0.278
0.273
0.249
0.218
0.21600000000000003
0.218
0.214
0.215
0.23
0.23199999999999998
0.231
0.235
0.23199999999999998
0.233
0.233
0.237
0.233
0.23399999999999999
0.245
0.23199999999999998
0.238
0.23399999999999999
0.233
0.244
0.235
0.23
0.223
0.228
0.22899999999999998
0.21899999999999997
0.21899999999999997
0.21899999999999997
0.22
0.217
0.23
0.23199999999999998
0.255
0.271
0.256
0.246
0.245
0.246
0.25
0.25
0.245
0.26
0.258
0.253
0.258
0.311
0.46299999999999997
0.551
0.5529999999999999
0.529
0.486
0.40399999999999997
0.316
0.315
0.32299999999999995
0.332
0.34600000000000003
0.29200000000000004
0.27
0.275
0.26
0.27699999999999997
0.27399999999999997
0.272
0.314
0.33
0.29300000000000004
0.28400000000000003
0.29100000000000004
0.27699999999999997
0.265
0.263
0.256
0.251
0.24700000000000005
0.253
0.256
0.261
0.271
0.3
0.271
0.272
0.542
0.249
0.25
0.25
0.25
0.256
0.249
0.252
0.258
0.264
0.256
0.25
0.24700000000000005
0.244
0.244
0.239
0.27699999999999997
0.256
0.258
0.266
0.27399999999999997
0.28400000000000003
0.305
0.29300000000000004
0.29400000000000004
0.29100000000000004
0.29700000000000004
0.304
0.304
0.301
0.315
0.31
0.314
0.311
0.302
0.298
0.29600000000000004
0.29100000000000004
0.278
0.281
0.28300000000000003
0.29100000000000004
0.28200000000000003
0.29100000000000004
0.271
0.26
0.243
0.226
0.235
0.257
0.264
0.28300000000000003
0.28400000000000003
0.237
0.226
0.237
0.28300000000000003
0.239
0.231
0.236
0.22699999999999998
0.192
0.204
0.205
0.204
0.204
0.207
0.205
0.206
0.206
0.208
0.203
0.204
0.204
0.209
0.208
0.212
0.228
0.275
0.271
0.22699999999999998
0.22699999999999998
0.235
0.22399999999999998
0.22
0.23399999999999999
0.235
0.23399999999999999
0.231
0.226
0.221
0.22899999999999998
0.236
0.22899999999999998
0.228
0.23399999999999999
0.233
0.238
0.241
0.29200000000000004
0.264
0.308
0.278
0.266
0.24700000000000005
0.241
0.243
0.251
0.27
0.276
0.28200000000000003
0.29500000000000004
0.29700000000000004
0.29500000000000004
0.27899999999999997
0.28400000000000003
0.272
0.26
0.27699999999999997
0.28700000000000003
0.275
0.278
0.267
0.268
0.251
0.243
0.235
0.23
0.225
0.223
0.211
0.21600000000000003
0.221
0.226
0.218
0.222
0.231
0.223
0.238
0.28800000000000003
0.236
0.239
0.257
0.255
0.29500000000000004
0.27
0.261
0.255
0.24
0.236
0.235
0.233
0.23
0.225
0.225
0.22699999999999998
0.24
0.22899999999999998
0.235
0.235
0.228
0.22699999999999998
0.244
0.239
0.23199999999999998
0.22899999999999998
0.231
0.23
0.23399999999999999
0.244
0.271
0.261
0.246
0.251
0.278
0.272
0.268
0.305
0.275
0.306
0.27
0.25
0.248
0.23
0.225
0.22699999999999998
0.225
0.239
0.226
0.228
0.233
0.238
0.29600000000000004
0.39799999999999996
0.487
0.509
0.51
0.5489999999999999
0.523
0.5760000000000001
0.597
0.677
0.6930000000000001
0.461
0.311
0.267
0.23
0.228
0.223
0.235
0.231
0.228
0.366
0.29200000000000004
0.24700000000000005
0.28700000000000003
0.407
0.5860000000000001
0.669
0.596
0.445
0.39799999999999996
0.255
0.235
0.223
0.222
0.228
0.243
0.237
0.236
0.254
0.249
0.255
0.259
0.255
0.241
0.223
0.237
0.213
0.214
0.214
0.215
0.23
0.236
0.238
0.248
0.302
0.317
0.32899999999999996
0.303
0.264
0.253
0.253
0.25
0.251
0.25
0.256
0.266
0.27899999999999997
0.253
0.264
0.266
0.259
0.254
0.259
0.258
0.262
0.259
0.261
0.303
0.33
0.34299999999999997
0.32299999999999995
0.318
0.33299999999999996
0.28
0.298
0.304
0.3
0.28
0.29
0.263
0.242
0.228
0.21600000000000003
0.205
0.195
0.187
0.17800000000000002
0.163
0.163
0.157
0.156
0.156
0.203
0.201
0.206
0.206
0.209
0.213
0.225
0.226
0.225
0.231
0.23199999999999998
0.22699999999999998
0.226
0.225
0.226
0.22699999999999998
0.225
0.225
0.231
0.235
0.236
0.225
0.225
0.222
0.223
0.225
0.244
0.24
0.244
0.242
0.241
0.24
0.236
0.237
0.24
0.244
0.241
0.238
0.246
0.237
0.233
0.249
0.243
0.236
0.23399999999999999
0.233
0.23199999999999998
0.238
0.24
0.24
0.266
0.244
0.239
0.233
0.233
0.239
0.248
0.409
0.483
0.435
0.254
0.22899999999999998
0.228
0.22399999999999998
0.233
0.239
0.231
0.22699999999999998
0.22899999999999998
0.231
0.254
0.273
0.27699999999999997
0.262
0.26
0.23399999999999999
0.228
0.22699999999999998
0.226
0.223
0.22899999999999998
0.225
0.22899999999999998
0.228
0.23199999999999998
0.231
0.222
0.225
0.22899999999999998
0.22899999999999998
0.228
0.22899999999999998
0.233
0.251
0.25
0.242
0.241
0.239
0.241
0.233
0.237
0.237
0.23399999999999999
0.238
0.236
0.23199999999999998
0.23
0.22
0.22
0.21899999999999997
0.222
0.231
0.22699999999999998
0.23
0.23
0.236
0.23199999999999998
0.235
0.23
0.233
0.238
0.238
0.24
0.23399999999999999
0.23199999999999998
0.22699999999999998
0.22699999999999998
0.225
0.22399999999999998
0.226
0.22699999999999998
0.222
0.213
0.22399999999999998
0.231
0.24
0.23399999999999999
0.231
0.22899999999999998
0.228
0.23199999999999998
0.225
0.228
0.22699999999999998
0.22899999999999998
0.272
0.32799999999999996
0.411
0.485
0.482
0.439
0.461
0.391
0.29400000000000004
0.29600000000000004
0.311
0.32899999999999996
0.305
0.256
0.254
0.253
0.239
0.237
0.23399999999999999
0.235
0.238
0.244
0.248
0.248
0.263
0.268
0.26899999999999996
0.251
0.254
0.255
0.252
0.26899999999999996
0.262
0.278
0.27399999999999997
0.253
0.23199999999999998
0.228
0.223
0.22
0.215
0.218
0.21600000000000003
0.218
0.222
0.225
0.23
0.36700000000000005
0.39899999999999997
0.5880000000000001
0.537
0.501
0.436
0.456
0.42
0.469
0.547
0.477
0.318
0.301
0.326
0.311
0.29200000000000004
0.237
0.261
0.22
0.223
0.223
0.22899999999999998
0.238
0.218
0.22399999999999998
0.228
0.22699999999999998
0.222
0.221
0.221
0.21899999999999997
0.222
0.24
0.225
0.236
0.467
0.231
0.221
0.223
0.225
0.223
0.245
0.23199999999999998
0.225
0.225
0.24
0.33799999999999997
0.35300000000000004
0.29200000000000004
0.252
0.239
0.233
0.222
0.195
0.205
0.208
0.205
0.207
0.204
0.206
0.204
0.21600000000000003
0.207
0.213
0.213
0.218
0.218
0.22699999999999998
0.28400000000000003
0.262
0.225
0.209
0.2
0.209
0.208
0.2
0.208
0.21899999999999997
0.218
0.222
0.221
0.225
0.222
0.243
0.239
0.242
0.252
0.256
0.256
0.272
0.27
0.268
0.266
0.263
0.268
0.261
0.252
0.253
0.236
0.242
0.23199999999999998
0.242
0.258
0.28200000000000003
0.264
0.241
0.242
0.23
0.228
0.231
0.243
0.24
0.241
0.248
0.252
0.248
0.243
0.248
0.252
0.28800000000000003
0.29500000000000004
0.332
0.37200000000000005
0.488
0.5650000000000001
0.44299999999999995
0.386
0.29700000000000004
0.252
0.312
0.241
0.28900000000000003
0.259
0.245
0.226
0.223
0.243
0.29600000000000004
0.34299999999999997
0.336
0.218
0.21
0.209
0.209
0.19899999999999998
0.21
0.212
0.21600000000000003
0.209
0.208
0.20199999999999999
0.203
0.201
0.203
0.206
0.245
0.222
0.215
0.213
0.213
0.23199999999999998
0.256
0.245
0.248
0.25
0.243
0.236
0.22
0.23
0.33899999999999997
0.49
0.373
0.28300000000000003
0.29400000000000004
0.241
0.249
0.253
0.253
0.242
0.24700000000000005
0.242
0.256
0.276
0.311
0.35100000000000003
0.35900000000000004
0.376
0.386
0.387
0.446
0.29600000000000004
0.254
0.241
0.228
0.222
0.241
0.21899999999999997
0.218
0.29200000000000004
0.22399999999999998
0.235
0.24
0.252
0.244
0.244
0.252
0.29400000000000004
0.36
0.34800000000000003
0.299
0.268
0.253
0.22899999999999998
0.211
0.21899999999999997
0.221
0.225
0.23
0.249
0.253
0.29400000000000004
0.29200000000000004
0.271
0.26899999999999996
0.273
0.266
0.268
0.27
0.275
0.28
0.268
0.256
0.259
0.26
0.246
0.248
0.22699999999999998
0.24
0.24700000000000005
0.249
0.248
0.24700000000000005
0.249
0.244
0.261
0.28900000000000003
0.276
0.254
0.25
0.252
0.244
0.248
0.29700000000000004
0.532
0.37799999999999995
0.252
0.249
0.241
0.242
0.236
0.258
0.268
0.24700000000000005
0.241
0.241
0.253
0.255
0.271
0.272
0.272
0.281
0.275
0.271
0.27
0.238
0.242
0.25
0.24700000000000005
0.233
0.221
0.21899999999999997
0.225
0.212
0.236
0.245
0.243
0.231
0.246
0.246
0.261
0.27899999999999997
0.245
0.262
0.22
0.235
0.21
0.22
0.21899999999999997
0.21
0.212
0.204
0.201
0.19399999999999998
0.187
0.185
0.171
0.185
0.17900000000000002
0.17900000000000002
0.185
0.192
0.191
0.22
0.211
0.198
0.196
0.192
0.188
0.19899999999999998
0.211
0.24
0.239
0.22699999999999998
0.257
0.251
0.243
0.243
0.22
0.19699999999999998
0.214
0.23199999999999998
0.22
0.23199999999999998
0.267
0.225
0.21600000000000003
0.218
0.22399999999999998
0.223
0.221
0.208
0.226
0.217
0.217
0.223
0.22699999999999998
0.223
0.218
0.213
0.218
0.217
0.21
0.214
0.209
0.209
0.217
0.225
0.226
0.22899999999999998
0.236
0.233
0.23399999999999999
0.241
0.237
0.242
0.244
0.24
0.243
0.239
0.241
0.245
0.244
0.241
0.243
0.221
0.225
0.218
0.222
0.22399999999999998
0.239
0.245
0.23399999999999999
0.225
0.21899999999999997
0.209
0.207
0.207
0.208
0.203
0.204
0.211
0.21
0.208
0.20199999999999999
0.215
0.213
0.218
0.273
0.336
0.299
0.264
0.239
0.22899999999999998
0.22399999999999998
0.231
0.22899999999999998
0.22399999999999998
0.233
0.246
0.225
0.235
0.236
0.241
0.252
0.264
0.268
0.256
0.235
0.231
0.21600000000000003
0.251
0.26899999999999996
0.28700000000000003
0.25
0.243
0.22699999999999998
0.235
0.221
0.215
0.218
0.222
0.21600000000000003
0.22
0.222
0.221
0.21600000000000003
0.228
0.228
0.22
0.221
0.214
0.214
0.203
0.221
0.22699999999999998
0.22
0.28600000000000003
0.21899999999999997
0.22399999999999998
0.25
0.244
0.212
0.214
0.212
0.22
0.23399999999999999
0.235
0.256
0.8130000000000001
0.264
0.29200000000000004
0.303
0.306
0.275
0.257
0.246
0.26
0.271
0.28400000000000003
0.265
0.266
0.24700000000000005
0.24
0.235
0.23399999999999999
0.237
0.244
0.244
0.241
0.24700000000000005
0.245
0.265
0.29100000000000004
0.33
0.32
0.306
0.273
0.266
0.246
0.27
0.28600000000000003
0.29200000000000004
0.278
0.27899999999999997
0.278
0.28
0.272
0.262
0.251
0.24
0.239
0.222
0.206
0.237
0.222
0.28300000000000003
0.311
0.327
0.28800000000000003
0.318
0.318
0.275
0.257
0.258
0.267
0.245
0.222
0.223
0.214
0.222
0.217
0.211
0.215
0.237
0.245
0.23199999999999998
0.241
0.264
0.32799999999999996
0.34600000000000003
0.32
0.28700000000000003
0.28200000000000003
0.262
0.236
0.238
0.228
0.21
0.34700000000000003
0.198
0.206
0.213
0.208
0.211
0.209
0.207
0.205
0.21600000000000003
0.215
0.217
0.233
0.243
0.28700000000000003
0.26
0.246
0.248
0.222
0.204
0.213
0.211
0.212
0.211
0.19699999999999998
0.204
0.207
0.208
0.205
0.206
0.205
0.203
0.2
0.19899999999999998
0.19699999999999998
0.217
0.217
0.222
0.208
0.203
0.19699999999999998
0.191
0.182
0.21
0.22399999999999998
0.225
0.21600000000000003
0.22399999999999998
0.321
0.33399999999999996
0.649
0.213
0.212
0.214
0.21899999999999997
0.22699999999999998
0.387
0.22
0.214
0.213
0.226
0.231
0.223
0.21
0.203
0.204
0.236
0.276
0.26
0.23399999999999999
0.225
0.223
0.207
0.198
0.19899999999999998
0.22899999999999998
0.19399999999999998
0.19
0.2
0.2
0.208
0.243
0.29500000000000004
0.29100000000000004
0.275
0.35200000000000004
0.4890000000000001
0.5
0.544
0.5529999999999999
0.5630000000000001
0.451
0.369
0.258
0.236
0.221
0.218
0.24
0.253
0.265
0.258
0.256
0.237
0.239
0.37799999999999995
0.43200000000000005
0.471
0.36700000000000005
0.35800000000000004
0.35100000000000003
0.341
0.321
0.318
0.461
0.307
0.313
0.332
0.32
0.331
0.305
0.26
0.25
0.238
0.24
0.237
0.24
0.256
0.39799999999999996
0.335
0.34500000000000003
0.34500000000000003
0.31
0.268
0.278
0.22399999999999998
0.237
0.239
0.246
0.241
0.235
0.245
0.241
0.23199999999999998
0.223
0.23199999999999998
0.239
0.231
0.206
0.215
0.215
0.248
0.483
0.52
0.557
0.34600000000000003
0.26
0.27
0.225
0.23199999999999998
0.226
0.207
0.19899999999999998
0.17700000000000002
0.16699999999999998
0.155
0.16399999999999998
0.166
0.163
0.16699999999999998
0.172
0.171
0.17900000000000002
0.198
0.211
0.21
0.215
0.21899999999999997
0.23199999999999998
0.236
0.223
0.236
0.243
0.24700000000000005
0.237
0.23
0.241
0.23399999999999999
0.237
0.23199999999999998
0.248
0.208
0.28300000000000003
0.22
0.218
0.21899999999999997
0.215
0.205
0.2
0.20199999999999999
0.187
0.185
0.182
0.17
0.184
0.248
0.222
0.21899999999999997
0.217
0.211
0.205
0.205
0.208
0.19899999999999998
0.19399999999999998
0.19699999999999998
0.222
0.22399999999999998
0.23
0.266
0.28
0.302
0.301
0.29
0.28800000000000003
0.309
0.336
0.341
0.4270000000000001
0.391
0.33799999999999997
0.27699999999999997
0.233
0.235
0.239
0.23399999999999999
0.23199999999999998
0.231
0.23199999999999998
0.231
0.223
0.222
0.238
0.249
0.256
0.275
0.266
0.278
0.259
0.233
0.276
0.33899999999999997
0.29600000000000004
0.265
0.245
0.27
0.235
0.228
0.231
0.23
0.228
0.217
0.214
0.21600000000000003
0.21600000000000003
0.238
0.28
0.28600000000000003
0.272
0.25
0.255
0.245
0.21899999999999997
0.228
0.248
0.324
0.233
0.22899999999999998
0.22899999999999998
0.23199999999999998
0.23199999999999998
0.238
0.23399999999999999
0.23199999999999998
0.237
0.239
0.238
0.23399999999999999
0.238
0.249
0.243
0.245
0.263
0.244
0.23399999999999999
0.217
0.233
0.246
0.252
0.257
0.255
0.263
0.259
0.258
0.256
0.262
0.266
0.259
0.262
0.249
0.226
0.222
0.265
0.305
0.28300000000000003
0.217
0.206
0.22
0.181
0.18600000000000003
0.192
0.196
0.23199999999999998
0.23399999999999999
0.267
0.29100000000000004
0.303
0.309
0.29500000000000004
0.257
0.27699999999999997
0.28200000000000003
0.267
0.272
0.28
0.29500000000000004
0.263
0.241
0.213
0.223
0.252
0.321
0.32799999999999996
0.25
0.223
0.207
0.226
0.213
0.272
0.314
0.371
0.33399999999999996
0.261
0.242
0.246
0.301
0.28800000000000003
0.258
0.258
0.241
0.22
0.204
0.237
0.23399999999999999
0.32
0.226
0.233
0.231
0.233
0.239
0.243
0.244
0.25
0.258
0.258
0.263
0.26
0.265
0.26899999999999996
0.262
0.254
0.18600000000000003
0.192
0.173
0.198
0.211
0.24
0.24
0.23
0.206
0.208
0.214
0.215
0.209
0.212
0.212
0.215
0.22
0.205
0.25
0.331
0.363
0.37
0.336
0.342
0.263
0.213
0.244
0.27699999999999997
0.231
0.21
0.2
0.19899999999999998
0.19399999999999998
0.192
0.192
0.18899999999999997
0.192
0.192
0.19699999999999998
0.2
0.19699999999999998
0.21899999999999997
0.259
0.313
0.5329999999999999
0.457
0.433
0.368
0.35300000000000004
0.32299999999999995
0.32799999999999996
0.39799999999999996
0.29500000000000004
0.278
0.249
0.243
0.228
0.211
0.209
0.228
0.22899999999999998
0.22699999999999998
0.205
0.20199999999999999
0.214
0.235
0.22699999999999998
0.22
0.225
0.246
0.256
0.271
0.311
0.318
0.259
0.239
0.231
0.23199999999999998
0.22399999999999998
0.215
0.212
0.196
0.204
0.211
0.205
0.215
0.21600000000000003
0.215
0.21899999999999997
0.243
0.233
0.22399999999999998
0.226
0.215
0.156
0.181
0.182
0.22699999999999998
0.17800000000000002
0.17500000000000002
0.16899999999999998
0.19399999999999998
0.17800000000000002
0.185
0.17900000000000002
0.17
0.172
0.171
0.16899999999999998
0.17700000000000002
0.2
0.21600000000000003
0.255
0.272
0.226
0.22
0.191
0.206
0.214
0.218
0.207
0.19699999999999998
0.191
0.193
0.195
0.19
0.191
0.195
0.19699999999999998
0.18600000000000003
0.188
0.184
0.19399999999999998
0.22699999999999998
0.28300000000000003
0.331
0.34800000000000003
0.306
0.28900000000000003
0.205
0.22399999999999998
0.255
0.267
0.278
0.225
0.211
0.204
0.192
0.18600000000000003
0.184
0.18600000000000003
0.184
0.18899999999999997
0.183
0.184
0.19699999999999998
0.239
0.389
0.29500000000000004
0.276
0.27699999999999997
0.298
0.33799999999999997
0.38299999999999995
0.317
0.29600000000000004
0.275
0.28500000000000003
0.28600000000000003
0.324
0.214
0.211
0.214
0.214
0.22699999999999998
0.22399999999999998
0.23
0.231
0.23199999999999998
0.246
0.24700000000000005
0.249
0.255
0.25
0.251
0.246
0.255
0.29100000000000004
0.335
0.272
0.245
0.27899999999999997
0.306
0.273
0.28300000000000003
0.251
0.311
0.29600000000000004
0.24
0.22899999999999998
0.231
0.243
0.302
0.305
0.34800000000000003
0.28500000000000003
0.255
0.237
0.21899999999999997
0.273
0.24700000000000005
0.2
0.17700000000000002
0.18899999999999997
0.20199999999999999
0.184
0.17700000000000002
0.185
0.184
0.19
0.187
0.19399999999999998
0.195
0.193
0.19399999999999998
0.201
0.19899999999999998
0.187
0.203
0.223
0.205
0.181
0.195
0.18600000000000003
0.27699999999999997
0.17400000000000002
0.18
0.17500000000000002
0.17600000000000002
0.17900000000000002
0.182
0.184
0.204
0.191
0.17900000000000002
0.184
0.185
0.195
0.214
0.24700000000000005
0.257
0.211
0.205
0.198
0.17600000000000002
0.19399999999999998
0.19399999999999998
0.198
0.20199999999999999
0.205
0.205
0.203
0.196
0.185
0.17900000000000002
0.17700000000000002
0.17700000000000002
0.17700000000000002
0.165
0.168
0.17900000000000002
0.225
0.268
0.235
0.235
0.23
0.23199999999999998
0.17900000000000002
0.206
0.213
0.207
0.198
0.188
0.187
0.187
0.191
0.187
0.18600000000000003
0.183
0.19699999999999998
0.196
0.182
0.213
0.21
0.324
0.507
0.526
0.524
0.51
0.456
0.34800000000000003
0.35600000000000004
0.4280000000000001
0.377
0.335
0.187
0.19399999999999998
0.17600000000000002
0.195
0.198
0.196
0.208
0.22399999999999998
0.21899999999999997
0.209
0.207
0.203
0.204
0.207
0.209
0.26
0.27
0.28700000000000003
0.3
0.305
0.3
0.298
0.301
0.29500000000000004
0.29400000000000004
0.28600000000000003
0.311
0.273
0.253
0.243
0.239
0.222
0.222
0.213
0.21600000000000003
0.214
0.205
0.18899999999999997
0.205
0.233
0.225
0.259
0.222
0.22
0.228
0.242
0.24700000000000005
0.23
0.22699999999999998
0.24700000000000005
0.24
0.244
0.23199999999999998
0.27899999999999997
0.32299999999999995
0.32799999999999996
0.34
0.397
0.371
0.39899999999999997
0.17600000000000002
0.18899999999999997
0.26899999999999996
0.298
0.238
0.231
0.228
0.208
0.203
0.204
0.22
0.228
0.242
0.309
0.245
0.226
0.253
0.342
0.363
0.257
0.239
0.22899999999999998
0.225
0.193
0.208
0.21600000000000003
0.208
0.201
0.191
0.182
0.213
0.18600000000000003
0.188
0.193
0.188
0.181
0.19699999999999998
0.28700000000000003
0.244
0.233
0.27399999999999997
0.25
0.24
0.22399999999999998
0.218
0.22699999999999998
0.217
0.22399999999999998
0.215
0.207
0.208
0.191
0.184
0.19699999999999998
0.191
0.195
0.195
0.208
0.19399999999999998
0.195
0.20199999999999999
0.209
0.217
0.313
0.275
0.267
0.29600000000000004
0.29300000000000004
0.28500000000000003
0.28700000000000003
0.308
0.298
0.23199999999999998
0.24
0.21
0.254
0.198
0.19899999999999998
0.206
0.208
0.211
0.324
0.221
0.23199999999999998
0.257
0.29600000000000004
0.315
0.33
0.337
0.29100000000000004
0.28900000000000003
0.261
0.264
0.26
0.265
0.27
0.27
0.26899999999999996
0.266
0.261
0.26
0.258
0.253
0.252
0.25
0.257
0.264
0.275
0.28900000000000003
0.29700000000000004
0.306
0.215
0.215
0.22399999999999998
0.231
0.28500000000000003
0.32299999999999995
0.309
0.28500000000000003
0.273
0.255
0.26
0.256
0.268
0.268
0.248
0.24700000000000005
0.241
0.22899999999999998
0.235
0.256
0.263
0.256
0.252
0.238
0.22699999999999998
0.222
0.193
0.231
0.26
0.33899999999999997
0.244
0.22699999999999998
0.248
0.308
0.29600000000000004
0.265
0.22899999999999998
0.221
0.206
0.205
0.204
0.228
0.237
0.23
0.195
0.182
0.18
0.17900000000000002
0.181
0.16699999999999998
0.19699999999999998
0.226
0.205
0.192
0.218
0.198
0.201
0.182
0.2
0.207
0.244
0.213
0.228
0.207
0.212
0.21
0.22699999999999998
0.244
0.246
0.253
0.255
0.331
0.39299999999999996
0.434
0.4270000000000001
0.336
0.335
0.222
0.209
0.2
0.204
0.201
0.211
0.206
0.212
0.21600000000000003
0.208
0.221
0.238
0.265
0.413
0.419
0.407
0.469
0.457
0.3
0.28
0.238
0.235
0.245
0.336
0.34700000000000003
0.278
0.249
0.252
0.264
0.26
0.243
0.249
0.265
0.278
0.254
0.241
0.237
0.22899999999999998
0.225
0.223
0.221
0.204
0.233
0.27699999999999997
0.249
0.267
0.241
0.23199999999999998
0.225
0.223
0.218
0.214
0.203
0.203
0.208
0.201
0.207
0.226
0.268
0.301
0.29700000000000004
0.27699999999999997
0.259
0.243
0.223
0.29200000000000004
0.476
0.5710000000000001
0.318
0.272
0.245
0.233
0.231
0.253
0.24700000000000005
0.264
0.275
0.266
0.252
0.243
0.256
0.27899999999999997
0.306
0.31
0.298
0.27
0.244
0.19899999999999998
0.254
0.29300000000000004
0.307
0.27899999999999997
0.29300000000000004
0.332
0.245
0.299
0.237
0.24
0.233
0.225
0.222
0.22
0.225
0.21899999999999997
0.211
0.206
0.204
0.19899999999999998
0.196
0.182
0.15
0.16899999999999998
0.166
0.16699999999999998
0.168
0.17500000000000002
0.17400000000000002
0.17700000000000002
0.182
0.17800000000000002
0.195
0.21
0.22899999999999998
0.503
0.205
0.196
0.19
0.205
0.19
0.18899999999999997
0.192
0.196
0.19899999999999998
0.17500000000000002
0.196
0.206
0.524
0.22699999999999998
0.20199999999999999
0.19699999999999998
0.209
0.204
0.221
0.387
0.257
0.25
0.261
0.265
0.29300000000000004
0.302
0.337
0.34
0.391
0.4260000000000001
0.412
0.35400000000000004
0.266
0.246
0.263
0.24700000000000005
0.251
0.254
0.262
0.267
0.255
0.248
0.256
0.27699999999999997
0.239
0.235
0.23199999999999998
0.22699999999999998
0.233
0.241
0.243
0.24700000000000005
0.238
0.222
0.222
0.2
0.212
0.21600000000000003
0.226
0.24
0.272
0.376
0.23199999999999998
0.264
0.246
0.261
0.27399999999999997
0.235
0.25
0.252
0.255
0.256
0.257
0.249
0.24
0.23
0.244
0.23199999999999998
0.264
0.28300000000000003
0.29500000000000004
0.314
0.32
0.281
0.267
0.266
0.266
0.273
0.26899999999999996
0.272
0.275
0.27
0.276
0.265
0.196
0.192
0.195
0.198
0.206
0.204
0.191
0.23
0.28
0.326
0.312
0.28300000000000003
0.264
0.302
0.244
0.246
0.24
0.22699999999999998
0.233
0.231
0.221
0.238
0.27699999999999997
0.308
0.368
0.331
0.314
0.35100000000000003
0.381
0.363
0.34500000000000003
0.416
0.5770000000000001
0.33
0.306
0.29500000000000004
0.29200000000000004
0.272
0.27899999999999997
0.3
0.32
0.35800000000000004
0.336
0.318
0.302
0.31
0.335
0.368
0.301
0.304
0.306
0.305
0.32299999999999995
0.35000000000000003
0.45899999999999996
0.44299999999999995
0.442
0.39799999999999996
0.373
0.39899999999999997
0.27899999999999997
0.29500000000000004
0.305
0.309
0.28800000000000003
0.28800000000000003
0.302
0.315
0.384
0.44299999999999995
0.5630000000000001
0.5650000000000001
0.511
0.446
0.512
0.4950000000000001
0.376
0.43
0.311
0.317
0.304
0.28300000000000003
0.262
0.281
0.262
0.222
0.226
0.222
0.213
0.218
0.22
0.251
0.233
0.215
0.212
0.215
0.221
0.201
0.226
0.22899999999999998
0.244
0.236
0.22899999999999998
0.238
0.238
0.222
0.21899999999999997
0.22699999999999998
0.253
0.22399999999999998
0.215
0.21899999999999997
0.22899999999999998
0.25
0.256
0.276
0.32799999999999996
0.38299999999999995
0.35900000000000004
0.266
0.23
0.24
0.237
0.23399999999999999
0.231
0.246
0.248
0.249
0.24700000000000005
0.251
0.245
0.23399999999999999
0.23399999999999999
0.255
0.243
0.23399999999999999
0.32
0.276
0.245
0.243
0.24
0.315
0.272
0.242
0.23199999999999998
0.481
0.316
0.252
0.254
0.256
0.256
0.257
0.251
0.261
0.262
0.256
0.28
0.28500000000000003
0.28300000000000003
0.27
0.273
0.26899999999999996
0.24700000000000005
0.243
0.221
0.244
0.26
0.272
0.267
0.27
0.273
0.27699999999999997
0.273
0.276
0.28300000000000003
0.29500000000000004
0.299
0.303
0.336
0.302
0.326
0.29400000000000004
0.33299999999999996
0.29700000000000004
0.261
0.27699999999999997
0.29300000000000004
0.246
0.25
0.299
0.31
0.371
0.309
0.276
0.28400000000000003
0.241
0.217
0.206
0.373
0.206
0.205
0.208
0.22399999999999998
0.252
0.299
0.331
0.318
0.28800000000000003
0.256
0.24
0.21
0.241
0.239
0.322
0.238
0.243
0.242
0.23
0.223
0.226
0.22699999999999998
0.226
0.223
0.35700000000000004
0.27699999999999997
0.251
0.27699999999999997
0.29700000000000004
0.342
0.29100000000000004
0.276
0.273
0.281
0.246
0.278
0.281
0.337
0.33
0.29100000000000004
0.281
0.258
0.257
0.231
0.222
0.221
0.22699999999999998
0.22399999999999998
0.22899999999999998
0.233
0.255
0.33399999999999996
0.414
0.396
0.46399999999999997
0.471
0.449
0.442
0.442
1.0659999999999998
0.603
0.391
0.299
0.24
0.209
0.22899999999999998
0.208
0.21
0.207
0.21600000000000003
0.236
0.22699999999999998
0.235
0.27699999999999997
0.33399999999999996
0.392
0.485
0.561
0.654
0.67
0.648
0.682
0.64
0.387
0.29100000000000004
0.233
0.223
0.22
0.21899999999999997
0.22
0.23
0.238
0.243
0.243
0.245
0.256
0.319
0.384
0.375
0.36700000000000005
0.441
0.514
0.612
0.614
0.613
0.755
0.5790000000000001
0.409
0.34900000000000003
0.28800000000000003
0.301
0.267
0.253
0.256
0.258
0.245
0.251
0.27
0.276
0.301
0.35800000000000004
0.315
0.276
0.256
0.26899999999999996
0.254
0.28700000000000003
0.35400000000000004
0.336
0.311
0.326
0.246
0.24
0.243
0.254
0.225
0.22399999999999998
0.318
0.239
0.243
0.257
0.28
0.32799999999999996
0.321
0.26
0.248
0.245
0.241
0.22
0.242
0.249
0.254
0.244
0.241
0.236
0.22899999999999998
0.361
0.226
0.215
0.217
0.215
0.217
0.218
0.27399999999999997
0.21899999999999997
0.222
0.215
0.205
0.191
0.18899999999999997
0.19
0.166
0.207
0.205
0.20199999999999999
0.19899999999999998
0.19699999999999998
0.191
0.18899999999999997
0.193
0.18899999999999997
0.184
0.182
0.192
0.196
0.193
0.185
0.188
0.18899999999999997
0.18899999999999997
0.18600000000000003
0.18600000000000003
0.187
0.18600000000000003
0.168
0.203
0.281
0.276
0.238
0.238
0.248
0.23399999999999999
0.22
0.209
0.22899999999999998
0.21899999999999997
0.228
0.23
0.22699999999999998
0.265
0.281
0.306
0.405
0.465
0.342
0.326
0.35200000000000004
0.341
0.34
0.33299999999999996
0.332
0.34600000000000003
0.301
0.29
0.28800000000000003
0.28400000000000003
0.225
0.198
0.195
0.209
0.218
0.22399999999999998
0.23399999999999999
0.28800000000000003
0.332
0.368
0.384
0.457
0.653
0.643
0.51
0.52
0.478
0.4290000000000001
0.387
0.45
0.268
0.22399999999999998
0.212
0.221
0.22699999999999998
0.22899999999999998
0.242
0.261
0.27899999999999997
0.225
0.246
0.29600000000000004
0.34700000000000003
0.317
0.27399999999999997
0.281
0.28400000000000003
0.34299999999999997
0.33
0.37200000000000005
0.477
0.361
0.405
0.331
0.29400000000000004
0.235
0.208
0.201
0.193
0.192
0.192
0.213
0.239
0.305
0.401
0.63
0.623
0.5940000000000001
0.413
0.34400000000000003
0.341
0.45399999999999996
0.501
0.413
0.302
0.24700000000000005
0.236
0.22399999999999998
0.204
0.207
0.209
0.208
0.212
0.21899999999999997
0.23
0.23199999999999998
0.272
0.386
0.424
0.485
0.45399999999999996
0.33299999999999996
0.305
0.22899999999999998
0.244
0.298
0.326
0.32
0.318
0.263
0.271
0.303
0.312
0.273
0.267
0.276
0.268
0.26
0.272
0.266
0.27
0.26899999999999996
0.268
0.258
0.254
0.253
0.238
0.262
0.305
0.29500000000000004
0.27899999999999997
0.261
0.25
0.245
0.251
0.244
0.22899999999999998
0.243
0.23199999999999998
0.221
0.222
0.221
0.22899999999999998
0.267
0.226
0.223
0.223
0.24
0.22899999999999998
0.19399999999999998
0.255
0.29100000000000004
0.28500000000000003
0.31
0.258
0.23
0.21899999999999997
0.211
0.215
0.221
0.217
0.23
0.213
0.23199999999999998
0.31
0.28200000000000003
0.381
0.4260000000000001
0.368
0.34800000000000003
0.33799999999999997
0.321
0.276
0.303
0.34500000000000003
0.43200000000000005
0.43200000000000005
0.317
0.27699999999999997
0.239
0.221
0.386
0.222
0.222
0.22899999999999998
0.244
0.271
0.305
0.32899999999999996
0.34800000000000003
0.43700000000000006
0.39899999999999997
0.424
0.42
0.425
0.33299999999999996
0.331
0.311
0.317
0.29300000000000004
0.275
0.268
0.29700000000000004
0.298
0.307
0.273
0.272
0.27899999999999997
0.27
0.299
0.29100000000000004
0.28400000000000003
0.29400000000000004
0.26
0.239
0.231
0.23199999999999998
0.214
0.241
0.264
0.434
0.273
0.256
0.25
0.263
0.249
0.243
0.246
0.237
0.23
0.241
0.266
0.249
0.267
0.27699999999999997
0.307
0.252
0.242
0.238
0.235
0.205
0.22699999999999998
0.252
0.387
0.263
0.249
0.237
0.236
0.244
0.248
0.261
0.281
0.28300000000000003
0.302
0.317
0.32799999999999996
0.34900000000000003
0.368
0.35200000000000004
0.331
0.317
0.29500000000000004
0.281
0.226
0.255
0.262
0.272
0.27699999999999997
0.28
0.28400000000000003
0.28
0.267
0.27
0.27399999999999997
0.27899999999999997
0.28800000000000003
0.302
0.309
0.302
0.29300000000000004
0.28500000000000003
0.251
0.268
0.268
0.256
0.228
0.226
0.245
0.271
0.276
0.266
0.265
0.26
0.257
0.256
0.26
0.251
0.266
0.27399999999999997
0.28400000000000003
0.29300000000000004
0.29400000000000004
0.29600000000000004
0.278
0.28200000000000003
0.308
0.312
0.319
0.309
0.27699999999999997
0.33
0.386
0.44299999999999995
0.505
0.442
0.381
0.365
0.34500000000000003
0.331
0.326
0.304
0.29600000000000004
0.312
0.335
0.34500000000000003
0.421
0.486
0.562
0.5840000000000001
0.5630000000000001
0.55
0.604
0.5830000000000001
0.64
0.5760000000000001
0.5740000000000001
0.522
0.474
0.35500000000000004
0.278
0.276
0.261
0.268
0.266
0.251
0.268
0.28
0.29300000000000004
0.316
0.39
0.475
0.508
0.515
0.46
0.35900000000000004
0.262
0.281
0.29
0.29200000000000004
0.313
0.304
0.29600000000000004
0.29100000000000004
0.28500000000000003
0.28500000000000003
0.29500000000000004
0.305
0.304
0.27899999999999997
0.28400000000000003
0.298
0.331
0.327
0.32
0.313
0.312
0.32
0.29600000000000004
0.249
0.28500000000000003
0.29300000000000004
0.34
0.461
0.253
0.29500000000000004
0.35300000000000004
0.268
0.276
0.301
0.28900000000000003
0.28400000000000003
0.265
0.248
0.233
0.21899999999999997
0.21600000000000003
0.222
0.23399999999999999
0.238
0.235
0.235
0.20199999999999999
0.215
0.213
0.207
0.221
0.209
0.193
0.193
0.201
0.204
0.192
0.183
0.188
0.196
0.201
0.218
0.28700000000000003
0.26899999999999996
0.248
0.233
0.22
0.22
0.225
0.21
0.266
0.331
0.34800000000000003
0.35500000000000004
0.34900000000000003
0.32299999999999995
0.28800000000000003
0.535
0.319
0.331
0.264
0.251
0.33799999999999997
0.259
0.28700000000000003
0.32899999999999996
0.34299999999999997
0.35500000000000004
0.29600000000000004
0.267
0.263
0.263
0.249
0.26
0.302
0.34
0.28500000000000003
0.29300000000000004
0.272
0.257
0.263
0.249
0.25
0.26899999999999996
0.28400000000000003
0.28400000000000003
0.27899999999999997
0.29400000000000004
0.28800000000000003
0.28
0.268
0.248
0.23
0.22399999999999998
0.19699999999999998
0.231
0.258
0.263
0.263
0.266
0.27399999999999997
0.27
0.264
0.264
0.26
0.266
0.276
0.27
0.266
0.251
0.255
0.251
0.256
0.264
0.263
0.254
0.252
0.22699999999999998
0.248
0.249
0.254
0.26899999999999996
0.275
0.27899999999999997
0.28400000000000003
0.28700000000000003
0.299
0.29300000000000004
0.3
0.304
0.317
0.332
0.322
0.324
0.319
0.324
0.34299999999999997
0.317
0.299
0.278
0.221
0.243
0.252
0.252
0.251
0.364
0.237
0.241
0.239
0.238
0.239
0.238
0.245
0.266
0.255
0.264
0.26
0.253
0.257
0.25
0.248
0.249
0.22
0.249
0.257
0.267
0.27
0.263
0.261
0.278
0.258
0.258
0.263
0.268
0.271
0.268
0.258
0.276
0.299
0.362
0.439
0.451
0.43
0.447
0.479
0.8270000000000001
1.065
0.531
0.552
0.66
0.405
0.28700000000000003
0.262
0.248
0.244
0.271
0.266
0.276
0.29
0.314
0.39399999999999996
0.555
0.441
0.439
0.43700000000000006
0.408
0.332
0.311
0.273
0.32799999999999996
0.35800000000000004
0.37799999999999995
0.336
0.29400000000000004
0.268
0.278
0.221
0.243
0.23199999999999998
0.237
0.245
0.28
0.29200000000000004
0.309
0.303
0.29700000000000004
0.28
0.27399999999999997
0.255
0.24700000000000005
0.223
0.249
0.251
0.243
0.26
0.253
0.244
0.242
0.246
0.254
0.264
0.27699999999999997
0.29500000000000004
0.316
0.34600000000000003
0.384
0.4920000000000001
0.4280000000000001
0.4270000000000001
0.375
0.342
0.27899999999999997
0.268
0.28
0.281
0.28700000000000003
0.299
0.28
0.27899999999999997
0.255
0.257
0.28300000000000003
0.35700000000000004
0.377
0.376
0.34700000000000003
0.341
0.34299999999999997
0.35600000000000004
0.34500000000000003
0.36
0.37
0.37
0.35000000000000003
0.34400000000000003
0.304
0.322
0.311
0.313
0.319
0.337
0.34700000000000003
0.331
0.319
0.28600000000000003
0.235
0.22699999999999998
0.22699999999999998
0.243
0.26
0.311
0.365
0.36
0.365
0.33799999999999997
0.34900000000000003
0.38299999999999995
0.376
0.331
0.32
0.313
0.316
0.318
0.322
0.318
0.33799999999999997
0.332
0.34299999999999997
0.34299999999999997
0.34299999999999997
0.341
0.34800000000000003
0.35300000000000004
0.35800000000000004
0.369
0.366
0.35200000000000004
0.35300000000000004
0.35100000000000003
0.335
0.34
0.215
0.252
0.26
0.267
0.28300000000000003
0.33799999999999997
0.405
0.4280000000000001
0.379
0.27899999999999997
0.241
0.233
0.223
0.22699999999999998
0.233
0.24700000000000005
0.281
0.28300000000000003
0.27899999999999997
0.272
0.27699999999999997
0.29500000000000004
0.312
0.28700000000000003
0.3
0.28700000000000003
0.276
0.28600000000000003
0.271
0.236
0.22399999999999998
0.225
0.239
0.335
0.242
0.241
0.254
0.243
0.254
0.28300000000000003
0.265
0.25
0.242
0.24
0.238
0.239
0.212
0.26899999999999996
0.313
0.35300000000000004
0.305
0.327
0.25
0.25
0.246
0.256
0.281
0.23199999999999998
0.236
0.29100000000000004
0.253
0.27
0.3
0.35000000000000003
0.315
0.314
0.382
0.469
0.42
0.336
0.391
0.451
0.486
0.451
0.41
0.35600000000000004
0.318
0.275
0.264
0.261
0.257
0.25
0.254
0.28700000000000003
0.376
0.38299999999999995
0.3
0.273
0.245
0.244
0.239
0.23199999999999998
0.201
0.22899999999999998
0.259
0.28200000000000003
0.236
0.21600000000000003
0.213
0.21
0.211
0.218
0.218
0.225
0.218
0.228
0.231
0.26
0.311
0.315
0.309
0.278
0.264
0.249
0.25
0.21899999999999997
0.246
0.252
0.257
0.258
0.257
0.266
0.272
0.281
0.278
0.281
0.29300000000000004
0.29200000000000004
0.29
0.312
0.314
0.33899999999999997
0.316
0.306
0.29300000000000004
0.29500000000000004
0.28600000000000003
0.28200000000000003
0.237
0.258
0.256
0.271
0.264
0.272
0.28300000000000003
0.28500000000000003
0.29200000000000004
0.29300000000000004
0.29300000000000004
0.29600000000000004
0.305
0.314
0.317
0.311
0.29200000000000004
0.27399999999999997
0.258
0.246
0.239
0.238
0.206
0.243
0.275
0.307
0.335
0.35300000000000004
0.306
0.27399999999999997
0.28
0.281
0.29200000000000004
0.29500000000000004
0.29400000000000004
0.302
0.325
0.379
0.4260000000000001
0.4940000000000001
0.634
0.64
0.616
0.5660000000000001
0.5670000000000001
0.54
0.5
0.551
0.61
0.615
0.39899999999999997
0.34299999999999997
0.34900000000000003
0.312
0.316
0.325
0.324
0.32
0.312
0.335
0.35500000000000004
0.433
0.488
0.45299999999999996
0.401
0.371
0.35300000000000004
0.33299999999999996
0.28500000000000003
0.32799999999999996
0.361
0.387
0.39299999999999996
0.407
0.34
0.29700000000000004
0.27699999999999997
0.275
0.273
0.28400000000000003
0.281
0.28400000000000003
0.306
0.955
0.483
0.473
0.4910000000000001
0.462
0.4260000000000001
0.35700000000000004
0.33
0.29700000000000004
0.331
0.39399999999999996
0.457
0.46399999999999997
0.417
0.407
0.36700000000000005
0.37799999999999995
0.376
0.368
0.36
0.34600000000000003
0.34700000000000003
0.373
0.412
0.38799999999999996
0.363
0.33399999999999996
0.322
0.311
0.299
0.298
0.249
0.28
0.316
0.384
0.385
0.35200000000000004
0.34600000000000003
0.301
0.306
0.31
0.325
0.322
0.324
0.28
0.342
0.33299999999999996
0.342
0.35300000000000004
0.308
0.28500000000000003
0.281
0.281
0.29100000000000004
0.264
0.29
0.28800000000000003
0.26
0.27899999999999997
0.28400000000000003
0.29300000000000004
0.307
0.26899999999999996
0.257
0.27
0.35700000000000004
0.29500000000000004
0.311
0.268
0.248
0.225
0.214
0.198
0.19
0.183
0.17900000000000002
0.18
0.151
0.182
0.182
0.18600000000000003
0.187
0.29600000000000004
0.198
0.2
0.19399999999999998
0.206
0.204
0.203
0.206
0.21899999999999997
0.225
0.261
0.376
0.518
0.5740000000000001
0.5479999999999999
0.532
0.47
0.433
0.326
0.304
0.29700000000000004
0.308
0.326
0.29300000000000004
0.29300000000000004
0.28500000000000003
0.28800000000000003
0.29100000000000004
0.28500000000000003
0.28900000000000003
0.281
0.29
0.28800000000000003
0.28600000000000003
0.27699999999999997
0.28400000000000003
0.29200000000000004
0.29100000000000004
0.29300000000000004
0.28700000000000003
0.28500000000000003
0.261
0.28500000000000003
0.3
0.316
0.32799999999999996
0.307
0.302
0.302
0.28800000000000003
0.267
0.271
0.259
0.252
0.244
0.257
0.272
0.259
0.26
0.252
0.255
0.249
0.244
0.245
0.22899999999999998
0.266
0.28600000000000003
0.32799999999999996
0.314
0.255
0.23
0.217
0.213
0.218
0.215
0.203
0.19899999999999998
0.204
0.215
0.305
0.37
0.362
0.36
0.389
0.35300000000000004
0.331
0.325
0.319
0.308
0.315
0.374
0.40399999999999997
0.267
0.266
0.263
0.268
0.26899999999999996
0.27899999999999997
0.27899999999999997
0.28500000000000003
0.28700000000000003
0.29600000000000004
0.28900000000000003
0.28200000000000003
0.265
0.264
0.263
0.255
0.239
0.243
0.22399999999999998
0.252
0.273
0.29
0.308
0.302
0.276
0.268
0.256
0.252
0.236
0.239
0.238
0.231
0.231
0.22699999999999998
0.22
0.22
0.223
0.21600000000000003
0.215
0.213
0.211
0.18600000000000003
0.221
0.22399999999999998
0.23399999999999999
0.233
0.252
0.226
0.21600000000000003
0.21600000000000003
0.21600000000000003
0.214
0.207
0.22699999999999998
0.255
0.27399999999999997
0.275
0.418
0.371
0.26
0.225
0.21600000000000003
0.22399999999999998
0.226
0.19
0.218
0.22
0.242
0.257
0.261
0.256
0.245
0.231
0.231
0.238
0.239
0.248
0.263
0.26
0.268
0.276
0.27
0.261
0.24700000000000005
0.23399999999999999
0.222
0.19899999999999998
0.21899999999999997
0.22
0.222
0.223
0.20199999999999999
0.22699999999999998
0.222
0.222
0.21600000000000003
0.221
0.22399999999999998
0.225
0.212
0.22
0.23399999999999999
0.225
0.22
0.22399999999999998
0.222
0.22
0.20199999999999999
0.249
0.255
0.276
0.28500000000000003
0.27
0.248
0.25
0.243
0.242
0.233
0.236
0.23
0.23399999999999999
0.238
0.23
0.21899999999999997
0.22699999999999998
0.237
0.243
0.238
0.242
0.22399999999999998
0.184
0.212
0.246
0.3
0.258
0.223
0.211
0.211
0.201
0.262
0.222
0.222
0.21600000000000003
0.21600000000000003
0.242
0.325
0.478
0.477
0.4940000000000001
0.505
0.44
0.39299999999999996
0.298
0.215
0.256
0.28200000000000003
0.33899999999999997
0.35500000000000004
0.29700000000000004
0.26
0.26
0.255
0.263
0.24
0.22399999999999998
0.222
0.233
0.258
0.34700000000000003
0.337
0.268
0.25
0.239
0.24
0.22
0.21600000000000003
0.193
0.309
0.242
0.253
0.303
0.237
0.231
0.218
0.204
0.207
0.208
0.21
0.21899999999999997
0.235
0.28800000000000003
0.39899999999999997
0.315
0.34400000000000003
0.46799999999999997
0.39799999999999996
0.35300000000000004
0.33
0.326
0.225
0.236
0.235
0.246
0.271
0.254
0.237
0.23199999999999998
0.236
0.24700000000000005
0.238
0.243
0.249
0.257
0.26
0.273
0.263
0.256
0.257
0.257
0.249
0.243
0.235
0.218
0.251
0.252
0.253
0.261
0.266
0.263
0.278
0.263
0.261
0.267
0.268
0.278
0.262
0.265
0.257
0.257
0.252
0.248
0.23
0.22399999999999998
0.212
0.225
0.206
0.236
0.265
0.263
0.28500000000000003
0.299
0.305
0.32799999999999996
0.322
0.32
0.34900000000000003
0.4280000000000001
0.46399999999999997
0.13699999999999998
0.187
0.173
0.182
0.198
0.211
0.211
0.208
0.237
0.253
0.24700000000000005
0.22699999999999998
0.22399999999999998
0.218
0.221
0.22399999999999998
0.273
0.319
0.414
0.408
0.336
0.233
0.214
0.214
0.21
0.211
0.242
0.29
0.278
0.371
0.407
0.38
0.506
0.518
0.434
0.389
0.26899999999999996
0.23
0.23399999999999999
0.254
0.301
0.28200000000000003
0.331
0.249
0.242
0.248
0.255
0.265
0.268
0.273
0.266
0.264
0.272
0.28800000000000003
0.264
0.262
0.258
0.261
0.25
0.251
0.23199999999999998
0.253
0.27399999999999997
0.299
0.29200000000000004
0.272
0.26899999999999996
0.265
0.25
0.243
0.245
0.248
0.255
0.257
0.281
0.276
0.256
0.267
0.257
0.24
0.23
0.231
0.211
0.242
0.249
0.24700000000000005
0.262
0.252
0.245
0.217
0.207
0.242
0.19699999999999998
0.18899999999999997
0.23399999999999999
0.23199999999999998
0.29500000000000004
0.34299999999999997
0.5
0.365
0.3
0.26
0.244
0.258
0.24
0.22699999999999998
0.225
0.242
0.27
0.254
0.231
0.241
0.249
0.257
0.275
0.364
0.27
0.262
0.264
0.268
0.258
0.242
0.23399999999999999
0.23399999999999999
0.233
0.22399999999999998
0.214
0.195
0.21
0.211
0.223
0.23399999999999999
0.221
0.22899999999999998
0.235
0.248
0.22
0.25
0.213
0.213
0.231
0.251
0.322
0.34700000000000003
0.35700000000000004
0.445
0.46299999999999997
0.452
0.39
0.371
0.28200000000000003
0.33299999999999996
0.44
0.416
0.436
0.381
0.34400000000000003
0.278
0.238
0.237
0.235
0.23
0.244
0.263
0.29500000000000004
0.332
0.306
0.27899999999999997
0.28200000000000003
0.256
0.248
0.251
0.26
0.249
0.29300000000000004
0.377
0.43200000000000005
0.5640000000000001
0.43700000000000006
0.416
0.417
0.39799999999999996
0.34299999999999997
0.307
0.27899999999999997
0.272
0.29600000000000004
0.424
0.556
0.506
0.431
0.312
0.263
0.246
0.239
0.245
0.22899999999999998
0.257
0.299
0.313
0.32299999999999995
0.309
0.336
0.34400000000000003
0.309
0.253
0.245
0.235
0.215
0.213
0.205
0.195
0.193
0.205
0.21
0.208
0.213
0.208
0.204
0.209
0.319
0.374
0.415
0.5630000000000001
0.5379999999999999
0.47
0.384
0.303
0.278
0.26
0.246
0.255
0.261
0.301
0.28700000000000003
0.29300000000000004
0.268
0.268
0.272
0.275
0.28
0.28900000000000003
0.28700000000000003
0.318
0.361
0.375
0.386
0.37799999999999995
0.361
0.33
0.32799999999999996
0.305
0.315
0.298
0.28900000000000003
0.28700000000000003
0.271
0.264
0.259
0.256
0.263
0.267
0.265
0.267
0.27
0.244
0.258
0.256
0.256
0.26899999999999996
0.265
0.273
0.276
0.275
0.271
0.27399999999999997
0.273
0.26899999999999996
0.255
0.253
0.242
0.225
0.233
0.22399999999999998
0.206
0.201
0.193
0.18899999999999997
0.172
0.187
0.193
0.19699999999999998
0.212
0.23399999999999999
0.233
0.213
0.206
0.192
0.18899999999999997
0.195
0.22899999999999998
0.318
0.382
0.389
0.301
0.251
0.238
0.22399999999999998
0.225
0.217
0.209
0.242
0.326
0.29
0.306
0.252
0.246
0.243
0.237
0.236
0.238
0.246
0.24
0.242
0.23199999999999998
0.223
0.213
0.215
0.208
0.209
0.213
0.212
0.213
0.20199999999999999
0.213
0.215
0.214
0.21
0.213
0.215
0.217
0.223
0.221
0.212
0.209
0.212
0.22399999999999998
0.231
0.23199999999999998
0.23
0.248
0.241
0.244
0.246
0.25
0.253
0.25
0.309
0.43
0.516
0.418
0.28400000000000003
0.32
0.278
0.59
0.27399999999999997
0.29100000000000004
0.28400000000000003
0.28500000000000003
0.335
0.49
0.507
0.532
0.504
0.34299999999999997
0.29100000000000004
0.272
0.253
0.248
0.242
0.254
0.26
0.26899999999999996
0.28200000000000003
0.301
0.314
0.263
0.27699999999999997
0.28800000000000003
0.265
0.257
0.251
0.238
0.23
0.22399999999999998
0.228
0.23
0.226
0.21600000000000003
0.212
0.215
0.213
0.198
0.31
0.308
0.27699999999999997
0.27
0.261
0.257
0.235
0.24
0.233
0.22699999999999998
0.214
0.212
0.19899999999999998
0.19899999999999998
0.203
0.212
0.211
0.235
0.23199999999999998
0.221
0.221
0.233
0.24
0.242
0.255
0.273
0.28400000000000003
0.299
0.35300000000000004
0.37
0.317
0.272
0.26
0.264
0.254
0.217
0.24
0.264
0.27699999999999997
0.273
0.261
0.26899999999999996
0.28400000000000003
0.261
0.26
0.27399999999999997
0.26899999999999996
0.27
0.29300000000000004
0.29600000000000004
0.29400000000000004
0.301
0.304
0.315
0.336
0.318
0.303
0.308
0.308
0.33399999999999996
0.331
0.445
0.4940000000000001
0.322
0.303
0.267
0.253
0.254
0.246
0.245
0.242
0.244
0.24700000000000005
0.223
0.22699999999999998
0.239
0.22
0.21600000000000003
0.21899999999999997
0.21899999999999997
0.218
0.19899999999999998
0.23199999999999998
0.27
0.32299999999999995
0.33399999999999996
0.33799999999999997
0.23
0.22899999999999998
0.273
0.235
0.237
0.264
0.28200000000000003
0.271
0.26
0.259
0.259
0.26
0.246
0.24
0.231
0.228
0.23199999999999998
0.22899999999999998
0.243
0.245
0.255
0.245
0.245
0.249
0.257
0.265
0.264
0.26899999999999996
0.27699999999999997
0.276
0.28900000000000003
0.29500000000000004
0.316
0.327
0.34
0.34600000000000003
0.35400000000000004
0.32899999999999996
0.305
0.29
0.233
0.246
0.24
0.225
0.207
0.212
0.201
0.198
0.198
0.20199999999999999
0.192
0.19
0.19899999999999998
0.193
0.19699999999999998
0.192
0.20199999999999999
0.208
0.206
0.204
0.223
0.222
0.223
0.248
0.28300000000000003
0.424
0.43
0.332
0.28400000000000003
0.28900000000000003
0.29100000000000004
0.271
0.275
0.28900000000000003
0.298
0.308
0.34299999999999997
0.396
0.391
0.33899999999999997
0.31
0.268
0.25
0.239
0.244
0.243
0.23199999999999998
0.241
0.231
0.23399999999999999
0.231
0.235
0.246
0.252
0.276
0.28700000000000003
0.29300000000000004
0.336
0.363
0.299
0.275
0.266
0.248
0.24
0.236
0.233
0.21600000000000003
0.23
0.242
0.26899999999999996
0.29600000000000004
0.272
0.261
0.262
0.265
0.263
0.265
0.27
0.29200000000000004
0.34400000000000003
0.35200000000000004
0.4290000000000001
0.385
0.28800000000000003
0.26899999999999996
0.25
0.257
0.239
0.233
0.21
0.213
0.2
0.193
0.191
0.192
0.188
0.187
0.187
0.193
0.196
0.19699999999999998
0.195
0.21
0.21600000000000003
0.237
0.239
0.28700000000000003
0.267
0.255
0.21899999999999997
0.22399999999999998
0.225
0.214
0.262
0.236
0.244
0.241
0.245
0.244
0.241
0.244
0.238
0.244
0.24700000000000005
0.24700000000000005
0.253
0.26
0.255
0.251
0.246
0.254
0.263
0.263
0.264
0.267
0.261
0.268
0.27399999999999997
0.273
0.275
0.276
0.28300000000000003
0.29400000000000004
0.28700000000000003
0.28600000000000003
0.29200000000000004
0.29300000000000004
0.302
0.336
0.4920000000000001
0.523
0.72
0.735
0.946
0.945
1.021
0.942
0.6709999999999999
0.27899999999999997
0.246
0.233
0.237
0.243
0.244
0.239
0.222
0.214
0.22899999999999998
0.236
0.257
0.272
0.27699999999999997
0.34299999999999997
0.461
0.526
0.596
0.618
0.65
0.5910000000000001
0.5690000000000001
0.612
0.6779999999999999
0.742
0.6
0.5589999999999999
0.53
0.462
0.386
0.33399999999999996
0.309
0.29200000000000004
0.302
0.29100000000000004
0.29500000000000004
0.317
0.321
0.29300000000000004
0.29300000000000004
0.29600000000000004
0.3
0.3
0.29400000000000004
0.28400000000000003
0.276
0.252
0.27399999999999997
0.27699999999999997
0.29400000000000004
0.312
0.32799999999999996
0.34400000000000003
0.34800000000000003
0.336
0.35600000000000004
0.35800000000000004
0.33799999999999997
0.341
0.34900000000000003
0.35900000000000004
0.34600000000000003
0.319
0.312
0.316
0.321
0.314
0.307
0.34
0.29300000000000004
0.275
0.26
0.236
0.22399999999999998
0.212
0.217
0.213
0.206
0.218
0.22
0.21899999999999997
0.212
0.21899999999999997
0.212
0.206
0.206
0.209
0.206
0.211
0.21
0.21600000000000003
0.21600000000000003
0.214
0.23199999999999998
0.22899999999999998
0.22699999999999998
0.233
0.243
0.241
0.23199999999999998
0.237
0.24700000000000005
0.252
0.253
0.263
0.267
0.259
0.262
0.259
0.26
0.264
0.263
0.261
0.259
0.263
0.248
0.257
0.264
0.28300000000000003
0.305
0.315
0.311
0.311
0.309
0.32
0.335
0.336
0.35400000000000004
0.35100000000000003
0.36
0.322
0.317
0.304
0.313
0.28800000000000003
0.299
0.29400000000000004
0.28600000000000003
0.26899999999999996
0.266
0.241
0.235
0.23199999999999998
0.235
0.22899999999999998
0.233
0.23399999999999999
0.238
0.24700000000000005
0.243
0.243
0.244
0.24
0.235
0.236
0.242
0.242
0.24
0.235
0.236
0.237
0.243
0.249
0.262
0.273
0.28900000000000003
0.28400000000000003
0.29400000000000004
0.306
0.308
0.317
0.308
0.312
1.009
0.51
0.5920000000000001
0.5690000000000001
0.439
0.36
0.35500000000000004
0.324
0.315
0.311
0.28400000000000003
0.321
0.34500000000000003
0.39
0.43700000000000006
0.41
0.244
0.257
0.225
0.226
0.246
0.261
0.29300000000000004
0.212
0.195
0.16899999999999998
0.155
0.14200000000000002
0.15
0.138
0.138
0.13699999999999998
0.149
0.152
0.14400000000000002
0.123
0.114
0.12
0.11599999999999999
0.125
0.13699999999999998
0.134
0.135
0.133
0.14400000000000002
0.155
0.139
0.136
0.138
0.14400000000000002
0.14800000000000002
0.14700000000000002
0.152
0.157
0.165
0.182
0.22699999999999998
0.371
0.43200000000000005
0.34700000000000003
0.27899999999999997
0.21600000000000003
0.22399999999999998
0.21
0.221
0.208
0.21
0.215
0.204
0.192
0.19399999999999998
0.188
0.193
0.205
0.209
0.207
0.23199999999999998
0.248
0.264
0.317
0.37
0.408
0.34500000000000003
0.305
0.268
0.256
0.263
0.225
0.223
0.218
0.24700000000000005
0.27399999999999997
0.243
0.21600000000000003
0.204
0.207
0.205
0.17800000000000002
0.162
0.16399999999999998
0.14600000000000002
0.159
0.154
0.17
0.173
0.172
0.171
0.16
0.151
0.153
0.16899999999999998
0.168
0.161
0.138
0.157
0.158
0.14800000000000002
0.14500000000000002
0.14200000000000002
0.153
0.14700000000000002
0.14
0.131
0.119
0.125
0.121
0.125
0.133
0.141
0.134
0.141
0.14600000000000002
0.14500000000000002
0.14400000000000002
0.139
0.14500000000000002
0.158
0.195
0.3
0.379
0.648
0.754
0.782
0.754
0.5479999999999999
0.524
0.365
0.237
0.18899999999999997
0.172
0.16699999999999998
0.17900000000000002
0.173
0.16
0.161
0.29100000000000004
0.17700000000000002
0.2
0.236
0.255
0.33
0.39299999999999996
0.547
0.5860000000000001
0.647
0.599
0.4940000000000001
0.433
0.44299999999999995
0.34500000000000003
0.245
0.17600000000000002
0.184
0.21600000000000003
0.207
0.181
0.173
0.16899999999999998
0.16699999999999998
0.162
0.162
0.198
0.187
0.181
0.185
0.185
0.18600000000000003
0.185
0.192
0.16899999999999998
0.14700000000000002
0.132
0.119
0.139
0.14800000000000002
0.151
0.17600000000000002
0.19699999999999998
0.17700000000000002
0.152
0.157
0.128
0.115
0.114
0.124
0.134
0.135
0.153
0.13699999999999998
0.132
0.14600000000000002
0.13699999999999998
0.135
0.15
0.156
0.139
0.35400000000000004
0.209
0.469
0.385
0.33799999999999997
0.23399999999999999
0.198
0.181
0.17600000000000002
0.166
0.165
0.17600000000000002
0.18899999999999997
0.19899999999999998
0.195
0.19
0.168
0.157
0.156
0.141
0.14200000000000002
0.15
0.14600000000000002
0.162
0.17600000000000002
0.209
0.221
0.193
0.18899999999999997
0.17900000000000002
0.195
0.203
0.17500000000000002
0.172
0.18
0.231
0.34700000000000003
0.38799999999999996
0.36
0.467
0.5810000000000001
0.523
0.484
0.499
0.477
0.34
0.28200000000000003
0.27899999999999997
0.32899999999999996
0.326
0.364
0.34700000000000003
0.271
0.268
0.21
0.205
0.209
0.248
0.34900000000000003
0.5640000000000001
0.513
0.317
0.28300000000000003
0.34299999999999997
0.326
0.34
0.315
0.28400000000000003
0.29
0.273
0.28700000000000003
0.337
0.34900000000000003
0.322
0.264
0.254
0.435
0.207
0.212
0.235
0.257
0.28500000000000003
0.411
0.58
0.45799999999999996
0.408
0.471
0.531
0.643
0.675
0.5489999999999999
0.24
0.215
0.201
0.211
0.214
0.22699999999999998
0.21600000000000003
0.213
0.203
0.21
0.209
0.21
0.243
0.231
0.209
0.201
0.19699999999999998
0.196
0.19899999999999998
0.198
0.201
0.208
0.21
0.22899999999999998
0.231
0.244
0.252
0.26
0.271
0.276
0.299
0.405
0.462
0.373
0.324
0.244
0.242
0.19699999999999998
0.18899999999999997
0.15
0.125
0.12
0.113
0.107
0.10099999999999999
0.083
0.095
0.099
0.10099999999999999
0.106
0.133
0.128
0.124
0.123
0.133
0.133
0.141
0.156
0.181
0.18
0.173
0.154
0.166
0.163
0.153
0.153
0.155
0.153
0.14500000000000002
0.156
0.158
0.168
0.17800000000000002
0.172
0.162
0.156
0.152
0.152
0.16399999999999998
0.151
0.154
0.171
0.17700000000000002
0.161
0.156
0.153
0.155
0.14800000000000002
0.14700000000000002
0.14400000000000002
0.14200000000000002
0.132
0.14200000000000002
0.156
0.191
0.206
0.213
0.192
0.16699999999999998
0.17
0.173
0.17700000000000002
0.185
0.2
0.22699999999999998
0.264
0.24
0.192
0.183
0.183
0.182
0.184
0.172
0.17400000000000002
0.17
0.18899999999999997
0.235
0.245
0.257
0.217
0.21
0.19899999999999998
0.19699999999999998
0.218
0.19699999999999998
0.20199999999999999
0.22
0.214
0.2
0.2
0.196
0.163
0.16
0.159
0.14800000000000002
0.138
0.138
0.132
0.139
0.136
0.133
0.133
0.133
0.128
0.132
0.131
0.14400000000000002
0.14500000000000002
0.155
0.172
0.19
0.2
0.20199999999999999
0.193
0.183
0.17600000000000002
0.183
0.187
0.198
0.204
0.204
0.182
0.17800000000000002
0.168
0.18
0.18
0.18
0.166
0.168
0.311
0.16399999999999998
0.17600000000000002
0.17800000000000002
0.206
0.385
0.51
0.643
0.682
0.5850000000000001
0.5650000000000001
0.524
0.362
0.28800000000000003
0.184
0.17900000000000002
0.187
0.23199999999999998
0.304
0.36700000000000005
0.34600000000000003
0.244
0.192
0.165
0.155
0.149
0.141
0.139
0.13699999999999998
0.134
0.129
0.131
0.128
0.128
0.126
0.122
0.118
0.118
0.131
0.14600000000000002
0.161
0.23
0.241
0.17800000000000002
0.14600000000000002
0.221
0.263
0.278
0.29700000000000004
0.28
0.28400000000000003
0.254
0.262
0.24
0.244
0.28500000000000003
0.27399999999999997
0.254
0.244
0.21899999999999997
0.18899999999999997
0.19699999999999998
0.19699999999999998
0.193
0.196
0.253
0.19
0.198
0.184
0.172
0.17
0.16899999999999998
0.172
0.16899999999999998
0.171
0.17700000000000002
0.2
0.228
0.183
0.184
0.17800000000000002
0.184
0.159
0.17400000000000002
0.192
0.261
0.556
0.953
0.35300000000000004
0.331
0.248
0.188
0.17700000000000002
0.181
0.2
0.184
0.16899999999999998
0.19399999999999998
0.17900000000000002
0.153
0.141
0.14200000000000002
0.14400000000000002
0.149
0.154
0.14800000000000002
0.163
0.171
0.166
0.17
0.182
0.16899999999999998
0.163
0.196
0.20199999999999999
0.204
0.209
0.23199999999999998
0.27699999999999997
0.315
0.34299999999999997
0.35700000000000004
0.301
0.27899999999999997
0.264
0.236
0.211
0.204
0.18
0.188
0.217
0.18600000000000003
0.18
0.17400000000000002
0.187
0.183
0.207
0.195
0.198
0.19899999999999998
0.187
0.20199999999999999
0.2
0.20199999999999999
0.20199999999999999
0.223
0.21899999999999997
0.21899999999999997
0.221
0.203
0.201
0.18
0.193
0.17800000000000002
0.182
0.21
0.209
0.203
0.218
0.214
0.22
0.261
0.28400000000000003
0.29100000000000004
0.29400000000000004
0.299
0.319
0.396
0.45399999999999996
0.34900000000000003
0.28500000000000003
0.302
0.235
0.222
0.23
0.244
0.276
0.33
0.35600000000000004
0.305
0.243
0.22
0.214
0.22899999999999998
0.244
0.26
0.29100000000000004
0.312
0.309
0.223
0.185
0.209
0.206
0.20199999999999999
0.171
0.16899999999999998
0.14200000000000002
0.14800000000000002
0.172
0.20199999999999999
0.215
0.207
0.16899999999999998
0.14700000000000002
0.153
0.15
0.14400000000000002
0.14500000000000002
0.154
0.165
0.159
0.16
0.18
0.152
0.14
0.139
0.138
0.122
0.119
0.107
0.12
0.121
0.14700000000000002
0.162
0.14700000000000002
0.15
0.173
0.153
0.171
0.16699999999999998
0.171
0.16399999999999998
0.17900000000000002
0.18600000000000003
0.17900000000000002
0.185
0.171
0.173
0.17400000000000002
0.16699999999999998
0.16899999999999998
0.17600000000000002
0.166
0.171
0.173
0.181
0.185
0.182
0.16699999999999998
0.168
0.16399999999999998
0.166
0.162
0.162
0.168
0.165
0.166
0.163
0.154
0.16399999999999998
0.191
0.17500000000000002
0.17500000000000002
0.172
0.183
0.17
0.184
0.215
0.22399999999999998
0.309
0.28700000000000003
0.184
0.213
0.203
0.204
0.19699999999999998
0.213
0.222
0.231
0.304
0.39399999999999996
0.321
0.196
0.157
0.163
0.161
0.16899999999999998
0.17800000000000002
0.14700000000000002
0.15
0.187
0.19
0.181
0.19
0.18
0.17700000000000002
0.171
0.16899999999999998
0.173
0.162
0.168
0.209
0.305
0.309
0.28500000000000003
0.27399999999999997
0.22399999999999998
0.231
0.228
0.193
0.16399999999999998
0.191
0.166
0.161
0.16
0.165
0.173
0.171
0.16699999999999998
0.17
0.172
0.16399999999999998
0.166
0.16399999999999998
0.16
0.16
0.158
0.163
0.16399999999999998
0.14700000000000002
0.14
0.139
0.138
0.14
0.14600000000000002
0.155
0.14600000000000002
0.138
0.131
0.127
0.124
0.122
0.131
0.14500000000000002
0.14700000000000002
0.14400000000000002
0.14300000000000002
0.154
0.168
0.17900000000000002
0.17500000000000002
0.17500000000000002
0.17800000000000002
0.17800000000000002
0.17
0.172
0.187
0.17800000000000002
0.172
0.192
0.204
0.254
0.263
0.201
0.19699999999999998
0.203
0.206
0.18899999999999997
0.19399999999999998
0.19899999999999998
0.217
0.305
0.28200000000000003
0.27
0.22
0.201
0.198
0.188
0.195
0.21899999999999997
0.203
0.226
0.273
0.396
0.445
0.4290000000000001
0.29700000000000004
0.28600000000000003
0.26
0.24700000000000005
0.273
0.246
0.24
0.276
0.34800000000000003
0.39
0.384
0.33899999999999997
0.298
0.259
0.245
0.245
0.21
0.20199999999999999
0.198
0.2
0.211
0.21600000000000003
0.22
0.225
0.223
0.241
0.258
0.249
0.24
0.24700000000000005
0.28400000000000003
0.305
0.327
0.331
0.34700000000000003
0.28
0.231
0.23
0.215
0.218
0.19899999999999998
0.195
0.204
0.217
0.228
0.22899999999999998
0.215
0.23399999999999999
0.233
0.23
0.225
0.221
0.22699999999999998
0.215
0.214
0.22
0.211
0.222
0.205
0.18899999999999997
0.184
0.183
0.195
0.14200000000000002
0.13699999999999998
0.141
0.14500000000000002
0.151
0.163
0.159
0.168
0.168
0.166
0.165
0.16899999999999998
0.16899999999999998
0.193
0.23199999999999998
0.211
0.19699999999999998
0.196
0.196
0.181
0.17500000000000002
0.16699999999999998
0.166
0.163
0.162
0.17700000000000002
0.17900000000000002
0.173
0.172
0.172
0.17600000000000002
0.17500000000000002
0.18
0.181
0.192
0.192
0.217
0.204
0.19
0.19
0.198
0.18899999999999997
0.18899999999999997
